0  0.0837796121268  0.204167665403  0.904516053244  0.0663711670193  0.011690717037  
1  0.0837796121268  0.204167665403  0.904516053244  0.193158526408  0.011690717037  
2  0.2090389094  0.0913760397426  0.904516053244  0.0663711670193  0.011690717037  
3  0.0196277726387  0.204167665403  0.904516053244  0.193158526408  0.011690717037  
4  0.0837796121268  0.152947388823  0.904516053244  0.193158526408  0.011690717037  
5  0.2090389094  0.204167665403  0.904516053244  0.0663711670193  0.00197057768817  
6  0.2090389094  0.0913760397426  0.904516053244  0.0663711670193  0.011690717037  
7  0.2090389094  0.204167665403  0.904516053244  0.0663711670193  0.00197057768817  
8  0.2090389094  0.204167665403  0.904516053244  0.0663711670193  0.00197057768817  
9  0.2090389094  0.204167665403  0.904516053244  0.0663711670193  0.00197057768817  
10  0.2090389094  0.204167665403  0.904516053244  0.15332652792  0.011690717037  
11  0.2090389094  0.0913760397426  0.904516053244  0.0663711670193  0.011690717037  
12  0.2090389094  0.0913760397426  0.904516053244  0.0663711670193  0.00197057768817  
13  0.2090389094  0.204167665403  0.904516053244  0.15332652792  0.011690717037  
14  0.0837796121268  0.204167665403  0.904516053244  0.193158526408  0.011690717037  
15  0.0837796121268  0.204167665403  0.904516053244  0.193158526408  0.011690717037  
16  0.2090389094  0.204167665403  0.904516053244  0.0663711670193  0.00197057768817  
17  0.2090389094  0.204167665403  0.904516053244  0.0663711670193  0.00197057768817  
18  0.2090389094  0.204167665403  0.904516053244  0.0663711670193  0.00197057768817  
19  0.2090389094  0.204167665403  0.904516053244  0.0663711670193  0.00197057768817  
