0  0.0658048915223  0.194068994858  0.51671380685  0.00696292763282  0.0290614930083  
1  0.2090389094  0.204167665403  0.904516053244  0.0663711670193  0.011690717037  
2  0.2090389094  0.204167665403  0.904516053244  0.0663711670193  0.011690717037  
3  0.2090389094  0.204167665403  0.904516053244  0.0663711670193  0.011690717037  
4  0.2090389094  0.204167665403  0.90721265833  0.365957259775  0.011690717037  
5  0.0658048915223  0.194068994858  0.51671380685  0.00696292763282  0.0290614930083  
6  0.2090389094  0.204167665403  0.904516053244  0.129825349008  0.236291070624  
7  0.2090389094  0.204167665403  0.904516053244  0.210621182327  0.236291070624  
8  0.2090389094  0.204167665403  0.904516053244  0.0663711670193  0.011690717037  
9  0.2090389094  0.204167665403  0.904516053244  0.0663711670193  0.00197057768817  
10  0.2090389094  0.204167665403  0.90721265833  0.365957259775  0.011690717037  
11  0.2090389094  0.204167665403  0.90721265833  0.365957259775  0.011690717037  
12  0.0658048915223  0.194068994858  0.51671380685  0.00696292763282  0.0290614930083  
13  0.2090389094  0.204167665403  0.904516053244  0.342556521785  0.0290614930083  
14  0.2090389094  0.204167665403  0.904516053244  0.210621182327  0.236291070624  
15  0.2090389094  0.204167665403  0.904516053244  0.0663711670193  0.011690717037  
16  0.2090389094  0.204167665403  0.904516053244  0.0663711670193  0.011690717037  
17  0.2090389094  0.204167665403  0.904516053244  0.0663711670193  0.011690717037  
18  0.2090389094  0.204167665403  0.90721265833  0.365957259775  0.011690717037  
19  0.2090389094  0.204167665403  0.904516053244  0.0663711670193  0.011690717037  
