0  0.386790531389  0.245289040918  0.313725660692  0.00696292763282  0.0472318393689  
1  0.188258023863  0.267902444515  0.100116009124  0.403047574538  0.0406759479604  
2  0.218297557412  0.234897251675  0.264103518372  0.144810459566  0.137891212976  
3  0.218297557412  0.234897251675  0.264103518372  0.144810459566  0.137891212976  
4  0.2090389094  0.204167665403  0.904516053244  0.210621182327  0.236291070624  
5  0.386790531389  0.245289040918  0.313725660692  0.00696292763282  0.0472318393689  
6  0.30668168196  0.194068994858  0.290948619839  0.196609986307  0.011690717037  
7  0.313527014271  0.0965278995112  0.317992878606  0.114605454801  0.157346752811  
8  0.145889331819  0.246593698054  0.143669923004  0.365957259775  0.0978897873479  
9  0.354531479589  0.156019197919  0.296756842101  0.139828278702  0.0528642016894  
10  0.043392383851  0.239785122741  0.248543256931  0.231988165852  0.236291070624  
11  0.134131274075  0.348893704441  0.0592590758795  0.365896429772  0.091819515832  
12  0.0824692285801  0.265970446411  0.167296196081  0.201744559824  0.235106872364  
13  0.218297557412  0.234897251675  0.727626615976  0.231988165852  0.236291070624  
14  0.0824692285801  0.265970446411  0.167296196081  0.201744559824  0.282519569104  
15  0.30668168196  0.194068994858  0.290948619839  0.196609986307  0.011690717037  
16  0.354531479589  0.156019197919  0.296756842101  0.139828278702  0.0472318393689  
17  0.386790531389  0.245289040918  0.313725660692  0.00696292763282  0.0472318393689  
18  0.145889331819  0.246593698054  0.313725660692  0.00696292763282  0.0472318393689  
19  0.043392383851  0.239785122741  0.960599797075  0.231988165852  0.256538172723  
