0  0.2090389094  0.204167665403  0.90721265833  0.365957259775  0.0978897873479  
1  0.2090389094  0.204167665403  0.904516053244  0.210621182327  0.236291070624  
2  0.30668168196  0.194068994858  0.307669268532  0.196609986307  0.011690717037  
3  0.30668168196  0.194068994858  0.290948619839  0.196609986307  0.011690717037  
4  0.2090389094  0.204167665403  0.904516053244  0.0663711670193  0.011690717037  
5  0.30668168196  0.194068994858  0.678123328239  0.196609986307  0.011690717037  
6  0.30668168196  0.194068994858  0.290948619839  0.196609986307  0.011690717037  
7  0.218297557412  0.234897251675  0.727626615976  0.231988165852  0.236291070624  
8  0.2090389094  0.204167665403  0.904516053244  0.0663711670193  0.011690717037  
9  0.2090389094  0.204167665403  0.904516053244  0.210621182327  0.236291070624  
10  0.30668168196  0.194068994858  0.290948619839  0.196609986307  0.011690717037  
11  0.2090389094  0.204167665403  0.90721265833  0.365957259775  0.0978897873479  
12  0.30668168196  0.194068994858  0.51671380685  0.196609986307  0.011690717037  
13  0.30668168196  0.194068994858  0.290948619839  0.196609986307  0.011690717037  
14  0.2090389094  0.204167665403  0.904516053244  0.210621182327  0.236291070624  
15  0.30668168196  0.194068994858  0.51671380685  0.196609986307  0.011690717037  
16  0.0658048915223  0.194068994858  0.51671380685  0.00696292763282  0.0290614930083  
17  0.218297557412  0.234897251675  0.727626615976  0.231988165852  0.236291070624  
18  0.218297557412  0.234897251675  0.727626615976  0.231988165852  0.236291070624  
19  0.30668168196  0.194068994858  0.678123328239  0.196609986307  0.011690717037  
