0  0.0196277726387  0.0913760397426  0.904516053244  0.0663711670193  0.00197057768817  
1  0.0196277726387  0.0913760397426  0.904516053244  0.0663711670193  0.00197057768817  
2  0.0196277726387  0.0913760397426  0.904516053244  0.0663711670193  0.00197057768817  
3  0.0196277726387  0.0913760397426  0.904516053244  0.0663711670193  0.00197057768817  
4  0.0196277726387  0.0913760397426  0.904516053244  0.0663711670193  0.00197057768817  
5  0.0196277726387  0.0913760397426  0.904516053244  0.0663711670193  0.00197057768817  
6  0.0837796121268  0.152947388823  0.904516053244  0.0663711670193  0.011690717037  
7  0.0837796121268  0.152947388823  0.904516053244  0.0663711670193  0.011690717037  
8  0.0196277726387  0.0913760397426  0.603273785011  0.0663711670193  0.00197057768817  
9  0.0837796121268  0.152947388823  0.904516053244  0.0663711670193  0.011690717037  
10  0.0196277726387  0.0913760397426  0.904516053244  0.0663711670193  0.00197057768817  
11  0.0837796121268  0.152947388823  0.904516053244  0.0663711670193  0.011690717037  
12  0.0837796121268  0.152947388823  0.914905102433  0.0663711670193  0.011690717037  
13  0.0196277726387  0.0913760397426  0.904516053244  0.0663711670193  0.00197057768817  
14  0.0837796121268  0.152947388823  0.904516053244  0.0663711670193  0.011690717037  
15  0.0196277726387  0.0913760397426  0.904516053244  0.0663711670193  0.00197057768817  
16  0.0196277726387  0.0913760397426  0.904516053244  0.0663711670193  0.00197057768817  
17  0.0837796121268  0.152947388823  0.904516053244  0.0663711670193  0.011690717037  
18  0.0196277726387  0.0913760397426  0.603273785011  0.0663711670193  0.00197057768817  
19  0.0196277726387  0.0913760397426  0.69936600299  0.0663711670193  0.011690717037  
