0  0.2090389094  0.204167665403  0.904516053244  0.0663711670193  0.011690717037  
1  0.2090389094  0.204167665403  0.904516053244  0.0663711670193  0.011690717037  
2  0.2090389094  0.204167665403  0.904516053244  0.0663711670193  0.011690717037  
3  0.2090389094  0.204167665403  0.90721265833  0.0663711670193  0.011690717037  
4  0.2090389094  0.204167665403  0.904516053244  0.193158526408  0.011690717037  
5  0.2090389094  0.204167665403  0.904516053244  0.0663711670193  0.011690717037  
6  0.2090389094  0.204167665403  0.904516053244  0.0663711670193  0.011690717037  
7  0.2090389094  0.204167665403  0.904516053244  0.0663711670193  0.011690717037  
8  0.2090389094  0.204167665403  0.904516053244  0.0663711670193  0.00197057768817  
9  0.2090389094  0.204167665403  0.904516053244  0.0663711670193  0.011690717037  
10  0.2090389094  0.204167665403  0.904516053244  0.0663711670193  0.011690717037  
11  0.2090389094  0.204167665403  0.904516053244  0.0663711670193  0.00197057768817  
12  0.2090389094  0.204167665403  0.904516053244  0.0663711670193  0.011690717037  
13  0.2090389094  0.204167665403  0.904516053244  0.0663711670193  0.011690717037  
14  0.2090389094  0.204167665403  0.904516053244  0.0663711670193  0.011690717037  
15  0.2090389094  0.204167665403  0.904516053244  0.0663711670193  0.011690717037  
16  0.2090389094  0.204167665403  0.904516053244  0.0663711670193  0.011690717037  
17  0.2090389094  0.204167665403  0.904516053244  0.0663711670193  0.00197057768817  
18  0.2090389094  0.204167665403  0.904516053244  0.0663711670193  0.011690717037  
19  0.2090389094  0.204167665403  0.90721265833  0.0663711670193  0.011690717037  
