0  0.30668168196  0.194068994858  0.290948619839  0.196609986307  0.011690717037  
1  0.30668168196  0.194068994858  0.290948619839  0.196609986307  0.011690717037  
2  0.2090389094  0.204167665403  0.90721265833  0.365957259775  0.0978897873479  
3  0.145889331819  0.246593698054  0.313725660692  0.00696292763282  0.0472318393689  
4  0.30668168196  0.194068994858  0.290948619839  0.196609986307  0.011690717037  
5  0.218297557412  0.234897251675  0.727626615976  0.231988165852  0.236291070624  
6  0.145889331819  0.246593698054  0.313725660692  0.00696292763282  0.0290614930083  
7  0.218297557412  0.234897251675  0.264103518372  0.144810459566  0.137891212976  
8  0.30668168196  0.194068994858  0.290948619839  0.196609986307  0.011690717037  
9  0.30668168196  0.194068994858  0.51671380685  0.196609986307  0.011690717037  
10  0.30668168196  0.194068994858  0.678123328239  0.196609986307  0.011690717037  
11  0.2090389094  0.204167665403  0.904516053244  0.210621182327  0.236291070624  
12  0.30668168196  0.194068994858  0.290948619839  0.196609986307  0.011690717037  
13  0.2090389094  0.204167665403  0.904516053244  0.210621182327  0.236291070624  
14  0.145889331819  0.246593698054  0.313725660692  0.00696292763282  0.0472318393689  
15  0.2090389094  0.204167665403  0.904516053244  0.210621182327  0.236291070624  
16  0.30668168196  0.194068994858  0.290948619839  0.196609986307  0.011690717037  
17  0.043392383851  0.364204336167  0.248543256931  0.231988165852  0.0472318393689  
18  0.313527014271  0.0965278995112  0.317992878606  0.114605454801  0.157346752811  
19  0.2090389094  0.204167665403  0.904516053244  0.0663711670193  0.011690717037  
