Ile13 Ile15 0.5617974096786174 0.0718629078577521 2.0 -1.4133106061325242 1.713139227956559
Ile13 Ile47 0.3461237811444875 -0.37894937240970306 1.6723871275567241 -1.9545970029340234 2.0
Ile13 Ile54 0.5984097921492835 -0.15966296101209554 1.573534027456851 -1.999992728790295 1.924492956015901
Ile13 Ile55 0.09371487925358357 -0.3115008266957492 1.8468027107995766 -1.7942714214020492 2.0
Ile13 Ile62 0.3312816011639493 -0.3619521155412396 1.6843256434314773 -1.939277754120411 2.0
Ile13 Ile64 0.3578742524933046 -0.32415239684711755 1.6712755738166536 -1.9435219565736455 1.9937537602146678
Ile13 Ile66 0.30409881280477385 -0.3673413643350804 1.7021226441075659 -1.9263471177155376 1.9999999824051542
Ile13 Ile7 0.4516070878040247 -0.38207366191269937 1.6769580484041529 -2.0 2.0
Ile13 Ile81 0.3161928031897711 -0.34968353161598575 1.6963701620300262 -1.9258664301263129 2.0
Ile13 Ile85 0.3778202970748641 -0.3801795429863935 1.6505868891761473 -1.9722100709608315 1.9996517000296503
Ile13 PIle60 0.41864664920147415 -0.22300877399517513 1.6675093878885878 -1.9387830950839011 1.977781260482634
Ile13 PIle6 0.2975810785610172 -0.3216491298976241 1.7101702089104058 -1.909500040466947 1.9999999988630952
Ile13 TIle150 -0.032935251040608585 -0.21870571226239427 1.8956608493214029 -1.7686366601456336 2.0
Ile13 TIle17 0.6357803277829404 -0.18833551273986657 1.5694226424736104 -1.9999992655940828 1.8932387916898055
Ile13 TIle29 0.35084009797179905 -0.2021944443373284 1.707283693874737 -1.9026536871815092 2.0
Ile13 TIle50 0.14739987836446486 -0.3092189365069972 1.8631575000292087 -1.7394445918967607 2.0
Ile13 TIle58 0.4403526714544391 -0.28793993910195576 1.6317556614014337 -1.9702793492051147 1.973962321198164
Ile13 TIle78 0.8862390402634414 -0.24563409213710696 1.4964005552430122 -2.0 1.8836644517522114
Ile13 UIle17 0.232096122711131 -0.5876609493646147 1.7358919604569336 -1.948369029958223 2.0
Ile13 UIle27 0.48451935638470717 -0.3530262806446827 1.6045354588068428 -1.9951840221701482 1.9841635294025846
Ile13 UIle34 0.519789106531637 -0.40869244280431877 1.5895121021334007 -1.999862373011752 2.0
Ile13 UIle40 1.722278333184076 1.2557314091328586 1.8461439635459236 -0.8760883581017208 0.948850311080339
Ile13 UIle48 0.14341588461413943 -0.5821524218941558 1.7066282434212074 -1.9088468116080235 2.0
Ile15 Ile47 1.2713570099850782 0.2944572356724015 1.717026576613159 -1.6483714042507644 1.5445448042708767
Ile15 Ile62 0.44173921687016293 -0.24126844584938795 2.0 -1.4930543450833638 1.8606656839312719
Ile15 Ile7 1.6402786727282215 0.3460187349106912 1.5977239251385589 -1.7826464306016625 1.4788340710715362
Ile15 Ile81 0.48327588063622684 -0.3575728803425675 2.0 -1.4739405835023769 1.8882697578863836
Ile15 Ile85 1.6176137857766972 0.43647032142802616 1.5422942453621578 -1.75688606894389 1.4333335554250903
Ile15 TIle150 0.6819422127753001 0.25743939621869244 1.9999999394580759 -1.4417480397280447 1.6365396642214038
Ile15 TIle17 0.6220447841361085 0.0502555800933664 2.0 -1.44128961263105 1.7154755224545735
Ile15 TIle50 1.6849631140004993 0.4232432620205185 1.510106756517595 -1.78106123202273 1.4372698984181054
Ile15 TIle58 0.77680610771925 0.12173767643425104 1.9330221901163005 -1.4876577400481739 1.6775772626821306
Ile15 TIle78 0.589428888875057 -0.2147405023657002 1.9905014748853935 -1.4552639550692426 1.8257132441740334
Ile15 UIle17 1.2886116323371024 0.021357456440025957 1.695172517339397 -1.7067336939091848 1.5268644548768027
Ile15 UIle34 0.5407476995768925 -0.31177210515957415 2.0 -1.4472452632917208 1.8679116782846545
Ile47 Ile7 0.4851157253017677 -0.4004750449817663 1.7263127652901293 -2.0 2.0
Ile47 TIle17 0.4377679319048534 -0.37878587137991054 1.6592857552618199 -2.0 2.0
Ile47 TIle50 0.48205403632504806 -0.38520820736540345 1.649203781293249 -2.0 2.0
Ile47 TIle58 0.07788541205143044 -0.3049102941357049 1.9033346650527738 -1.7708484756468899 2.0
Ile47 TIle78 0.5995933634021342 -0.4441573434792859 1.6128744609486374 -2.0 2.0
Ile54 Ile15 1.9987293264307782 0.676278342581461 1.3878635468954128 -1.8615504106043694 1.3359783792963646
Ile54 Ile47 0.47720523745223553 -0.2943670984872686 1.6603747806975524 -1.9974442215952473 2.0
Ile54 Ile55 0.4645472273121186 -0.31051883271668224 1.6458714785203252 -1.9941129238683213 1.9923594803924072
Ile54 Ile62 0.4317078776135713 -0.305469714130353 1.6698197649546411 -1.9762016590529974 2.0
Ile54 Ile64 0.425631697415377 -0.29199453040549506 1.6689738952585527 -1.969052352700487 2.0
Ile54 Ile66 0.4751764455383884 -0.3051230772719257 1.653464823709464 -2.0 2.0
Ile54 Ile7 0.5095669672573645 -0.3305845187852393 1.7081663946640118 -2.0 2.0
Ile54 Ile81 0.4771600128696955 -0.3006703179777162 1.6447727226481283 -1.998393224332638 2.0
Ile54 Ile85 0.43343031589141456 -0.32510308584886694 1.6625352852547224 -1.9837122850962388 1.9999960139353519
Ile54 PIle60 0.5517712691116662 -0.16311237182391441 1.6475793906691332 -1.9993581690225515 1.9999995665645214
Ile54 TIle150 0.5556170838834231 -0.03523995173746261 1.6436870092279974 -2.0 1.9128420360345797
Ile54 TIle17 0.44507136018438914 -0.3069955443866209 1.6603772678385984 -1.9844755764759383 2.0
Ile54 TIle50 0.5736229967491256 -0.26276637329799857 1.6207089208638903 -2.0 1.9774530163534372
Ile54 TIle58 0.47171917493261634 -0.23174260892403745 1.6676784681604038 -1.9754460779670024 2.0
Ile54 TIle78 0.6405507886933584 -0.348909593499949 1.5981034706952049 -2.0 2.0
Ile54 UIle17 0.3815945321043432 -0.5444433492699711 1.7038044619684618 -2.0 2.0
Ile54 UIle34 0.5746857926236829 -0.32749391571632414 1.6169123145525686 -2.0 2.0
Ile54 UIle40 2.0 1.3839360171103585 1.727040494888215 -0.9713684152558942 0.8617163757690276
Ile54 UIle48 0.1899325925393409 -0.5952955025274967 1.6893258712978034 -1.9381672034489466 2.0
Ile55 Ile15 2.0 0.6062396107883672 1.3668435781510617 -1.875188289523379 1.3195074185336266
Ile55 Ile47 0.42744297011456284 -0.3948710339978597 1.6588593632378723 -2.0 1.9999976620697206
Ile55 Ile62 0.3818919086603304 -0.40279525028707136 1.667907747146919 -1.9794180390877265 2.0
Ile55 Ile64 0.44743967139811436 -0.3536882823868763 1.6358208245910866 -1.9931174063900057 1.9786397592061282
Ile55 Ile66 0.41752115322096783 -0.3971750643265713 1.6582485049323796 -1.9971756113281232 2.0
Ile55 Ile7 0.4576976708277095 -0.4259793037452406 1.712243171338443 -2.0 2.0
Ile55 Ile81 0.4083622133943571 -0.3916820724712973 1.6568710121211792 -1.9880173443683693 2.0
Ile55 Ile85 0.37608573382980187 -0.42147915040643447 1.6652596354670077 -1.9826106273156057 2.0
Ile55 PIle60 0.4530357618845661 -0.3100811748073198 1.6617990353803047 -1.9890546581261073 2.0
Ile55 TIle150 0.18791312812552546 -0.2948852226899102 1.7791182175887021 -1.909247167270978 2.0
Ile55 TIle17 0.6004605901481718 -0.25332898959037836 1.600349702270408 -2.0 1.9123706347431746
Ile55 TIle50 0.4646481666850771 -0.3939368577598797 1.6358299365227442 -2.0 2.0
Ile55 TIle58 0.09153961766735604 -0.3341842248922691 1.876291522760002 -1.7784907630765394 2.0
Ile55 TIle78 0.5834283024660847 -0.45327170620107643 1.599004635870656 -2.0 2.0
Ile55 UIle17 0.29474573974718093 -0.7035967808847866 1.7095400938965355 -2.0 2.0
Ile55 UIle34 0.5273320830810344 -0.4284751233653388 1.6154421290976384 -2.0 2.0
Ile55 UIle40 2.0 1.2950119823985615 1.7504333697202867 -1.0114193323308227 0.8956768722981567
Ile55 UIle48 0.39072685725039397 -0.5600559073264993 1.6191134171090142 -2.0 1.9398118149320471
Ile62 Ile47 0.4358939107848701 -0.3780880134356674 1.6606358541273651 -1.9999293574351407 2.0
Ile62 Ile7 0.4650948765118935 -0.41281583626159607 1.7112432048606567 -2.0 2.0
Ile62 Ile81 0.4041488512388406 -0.37604352402370245 1.6671237431396748 -1.979821838907169 2.0
Ile62 Ile85 0.4103444020548739 -0.4086195791596124 1.6503503378634998 -1.998142151092229 1.9987444530366107
Ile62 TIle150 0.19371358000111574 -0.29242439034123047 1.7781756095059678 -1.9123051127060806 2.0
Ile62 TIle17 0.4049920844092752 -0.39043466846143154 1.6588245025358104 -1.9890423052469304 2.0
Ile62 TIle50 0.46781574061655756 -0.39270093942393536 1.63748496513847 -2.0 2.0
Ile62 TIle58 0.40300395299062325 -0.3768169717053356 1.6655755149625784 -1.9827348301736534 2.0
Ile62 TIle78 0.5864232821096114 -0.45225777241016357 1.6007198838099117 -2.0 2.0
Ile62 UIle17 0.3065594688475597 -0.6878340610576235 1.7084860708999239 -2.0 2.0
Ile62 UIle34 0.5296478472064452 -0.4243180447501575 1.6177451082686398 -2.0 2.0
Ile64 Ile15 1.027575305811739 0.21305728785408984 1.8063796851227494 -1.568256204872883 1.5977083376446375
Ile64 Ile47 0.5339632567256126 -0.2968385811458614 1.6281510908220702 -2.0 1.953100463772747
Ile64 Ile62 0.12531261285669354 -0.32486845282437804 1.8421520008277852 -1.8111174275927626 2.0
Ile64 Ile66 0.45660069439651657 -0.3561453767155814 1.6430305331050556 -2.0 1.9883985942397713
Ile64 Ile7 0.46883453736393077 -0.3954427034655024 1.7049941902227241 -2.0 2.0
Ile64 Ile81 0.3910527026578153 -0.3758437804035153 1.6659010986019434 -1.9745837829922424 1.999999958061929
Ile64 Ile85 0.38378404516119985 -0.3895613983842047 1.6648755634190409 -1.9766937018461193 1.99997109243253
Ile64 PIle60 0.4462424357284569 -0.2846052612771355 1.6675637764814584 -1.977440551310759 2.0
Ile64 TIle150 0.26829787407360267 -0.24035458098041837 1.7427096615949267 -1.9272450247284254 1.9717302619244275
Ile64 TIle17 0.17836898510118696 -0.3382858586970921 1.811498062217992 -1.8361623381669545 2.0
Ile64 TIle50 0.45694355163043576 -0.3952063725328268 1.6320162354042607 -1.9999461820862379 2.0
Ile64 TIle58 0.38896365218535156 -0.35871432660392566 1.6706879463566882 -1.9703985617822886 2.0
Ile64 TIle78 0.5789978388192235 -0.4550290378862214 1.5944410582091153 -2.0 2.0
Ile64 UIle17 0.31395539296772657 -0.6590015468459054 1.702390505514468 -2.0 2.0
Ile64 UIle34 0.5171943167096321 -0.4261074159964467 1.6126867003080734 -2.0 2.0
Ile64 UIle40 1.540824735412679 1.0065789811740466 1.9470444451655402 -0.931292752880302 1.09371540067649
Ile66 Ile15 0.7579205576202305 0.025358849886265487 2.0 -1.399912455503958 1.6867927903384174
Ile66 Ile47 1.1000745798265166 0.0986191605081508 1.5033669891138488 -2.0 1.7026366772938055
Ile66 Ile62 0.4302274908962443 -0.3842460788550367 1.6567662102227105 -2.0 2.0
Ile66 Ile7 0.4794998954486264 -0.4034816810759274 1.7214743357793676 -2.0 2.0
Ile66 Ile81 0.4450317507107622 -0.3729360020650356 1.65434344079254 -1.999999629537765 2.0
Ile66 Ile85 0.4205275517802443 -0.3999133690954908 1.658227597268712 -1.9991379478215932 2.0
Ile66 TIle150 0.20913562695182392 -0.2873537373006056 1.780758249910899 -1.918820187862019 2.0
Ile66 TIle17 0.43163482900366945 -0.3827655081837202 1.65583960998043 -2.0 2.0
Ile66 TIle50 0.2405071544223948 -0.3322581378497331 1.7926741522812608 -1.8711455403670376 2.0
Ile66 TIle58 0.438263802736579 -0.37219732163159414 1.6559281472840421 -2.0 2.0
Ile66 TIle78 0.5963379245577154 -0.44698640566140074 1.6089658418286765 -1.9999999748261807 2.0
Ile66 UIle17 0.3243878767188793 -0.6678294617380955 1.719162406170077 -2.0 2.0
Ile66 UIle34 0.5370277266827476 -0.4180448186238135 1.6264303498564783 -2.0 2.0
Ile72 Ile13 0.2633147234587803 -0.2502739048378847 1.7271445853511114 -1.87063656552609 2.0
Ile72 Ile15 0.3178401354735974 -0.24249504615967718 2.0 -1.4882249359377986 1.885485853608533
Ile72 Ile47 0.37048891344013013 -0.3542807943786351 1.6653040391364804 -1.9560812672668435 1.9878447089617224
Ile72 Ile54 0.6071139421810001 -0.15039704033818874 1.5684463977845498 -2.0 1.9195516286161218
Ile72 Ile55 0.2764693703159767 -0.3365498276909219 1.7222998076135108 -1.9026150263119037 1.999830564242902
Ile72 Ile62 0.34738476963133363 -0.35606319540219145 1.6719408969385936 -1.949572272091675 2.0
Ile72 Ile64 0.3445947743845737 -0.31660019648405396 1.681028442162033 -1.9327680163224488 1.9946473242628977
Ile72 Ile66 0.36499789322032444 -0.3601380707166554 1.6652666589021259 -1.956520515184309 1.9930683912938614
Ile72 Ile7 0.44886270632603614 -0.38079528831290954 1.673269146374822 -2.0 2.0
Ile72 Ile81 0.40282548729254736 -0.3548313161967665 1.640026660190327 -1.9737775738426937 1.9960576407369366
Ile72 Ile85 0.33846738936459614 -0.36487110346582197 1.677824023143842 -1.9461484278599341 2.0
Ile72 Ile99 0.3942980699724072 -0.3240309558726848 1.6533106712984393 -1.9586117477069835 1.9853344125581254
Ile72 PIle11 0.4036095469571521 -0.4299868578091275 1.6563029865798802 -2.0 2.0
Ile72 PIle60 0.5599192478193851 -0.16960503640594496 1.5977763761727928 -1.9850545038492333 1.9381141380314448
Ile72 PIle6 0.4686219394976891 -0.2773851599354177 1.6135393444912838 -1.9880575863959133 1.9658794059865667
Ile72 TIle150 -0.11735863712525658 -0.19581313678003182 1.9592034513585346 -1.7070664409347929 2.0
Ile72 TIle17 0.502126765990769 -0.2883193372981424 1.6020710302221703 -1.9970047667161859 1.9543598089086176
Ile72 TIle27 0.383455952106856 -0.353197319521022 1.6286601441448265 -2.0 2.0
Ile72 TIle29 0.3365010205248162 -0.19815709057723874 1.7140956153022076 -1.8937039329992762 2.0
Ile72 TIle50 0.5923881583951232 -0.2569610014359503 1.575332192843827 -2.0 1.93362631428506
Ile72 TIle58 0.571158169574567 -0.20247953678361355 1.5813522123599797 -1.9971984218986047 1.9264143720900238
Ile72 TIle78 0.5799482020314971 -0.4216417282018159 1.5708387637919121 -2.0 2.0
Ile72 UIle17 0.34896414758706423 -0.5870381283905065 1.6690385373718006 -1.9999981945664238 1.990308684224486
Ile72 UIle27 0.44224269372798186 -0.35975109361046426 1.6260413674301755 -1.977291713550007 1.9946683523095046
Ile72 UIle34 0.5243954924026903 -0.4047199376348964 1.5874049370655046 -2.0 2.0
Ile72 UIle40 0.47149499510587245 -0.3155204928932301 1.656475824072202 -2.0 2.0
Ile72 UIle48 0.10870661745473341 -0.5967862600996234 1.7149514555296343 -1.894757802250903 2.0
Ile72 UIle65 0.2960541590924241 -0.3071914218713252 1.7116951074233384 -1.9053351880348093 1.9999990667313994
Ile72 UIle7 -0.4052728713651651 -0.17846136710491334 2.0 -1.4354653753789417 1.9975730903946092
Ile7 TIle17 0.46724719510020457 -0.4077607372314697 1.7104871451478814 -1.9999998145838824 2.0
Ile7 TIle50 0.5196346842195241 -0.39854583477805505 1.699898175590213 -2.0 2.0
Ile7 TIle58 0.4728188668761454 -0.3979575477791006 1.7108347137910525 -2.0 2.0
Ile7 TIle78 0.6392406513893328 -0.44236446056862927 1.6647410295197496 -2.0 2.0
Ile81 Ile47 0.44899218888853537 -0.3703605939348239 1.6581799724992987 -2.0 1.9999997183256997
Ile81 Ile7 0.4782785853901068 -0.39822699912665055 1.7096132470843084 -2.0 2.0
Ile81 TIle17 0.42003007718062657 -0.37781788222907436 1.6557949985006972 -1.9902356516633188 2.0
Ile81 TIle50 0.4744971476128505 -0.39563633667656734 1.635803036885668 -2.0 2.0
Ile81 TIle58 0.43632748961184276 -0.36781989385103125 1.6495688572067202 -1.9960909793666846 2.0
Ile81 TIle78 0.5997882685701309 -0.4570106330840577 1.5973133062154037 -2.0 2.0
Ile81 UIle17 0.3145427341569948 -0.6620420363087043 1.708972009987585 -2.0 2.0
Ile81 UIle34 0.5429272039727052 -0.4305305534623037 1.614022270452045 -2.0 2.0
Ile85 Ile47 0.5315080893016383 -0.3178702354155135 1.6342999774594298 -2.0 1.9522263925126766
Ile85 Ile7 0.45583528635005943 -0.4292671131525819 1.7119613574029022 -2.0 2.0
Ile85 Ile81 0.4237181525298916 -0.3967916357336049 1.6473570260407877 -1.999876843065627 1.9998960839862268
Ile85 TIle150 0.18141826306678496 -0.2911158537955217 1.7859521003140653 -1.9054072986353 2.0
Ile85 TIle17 0.3857474046538093 -0.40556641972731605 1.66648042173854 -1.9822030269743618 1.9999945432698458
Ile85 TIle50 0.28546819252515937 -0.3554119730304121 1.7518331013492068 -1.8975796808476568 2.0
Ile85 TIle58 0.39258760367815976 -0.3928450223613806 1.6669150707772025 -1.982048955841874 2.0
Ile85 TIle78 0.7493396468478637 -0.3378295179558491 1.5594809201946853 -1.9999805837258053 1.9257806226932759
Ile85 UIle17 0.2951841138502023 -0.7023093420667708 1.70990169088617 -2.0 2.0
Ile85 UIle34 0.5260305626769747 -0.43200424773203916 1.6177493608187243 -2.0 2.0
Ile99 Ile13 0.39774105911221 -0.3625831641027458 1.6386860953224582 -1.978750955863152 1.9987640651319916
Ile99 Ile15 0.6215933968496946 0.02453473513556666 2.0 -1.4438062479240348 1.726730844845381
Ile99 Ile47 0.9979852353557066 -0.009364626109868244 1.5186465164437741 -2.0 1.7598458945912854
Ile99 Ile54 0.4485108570371988 -0.28329013719443774 1.668103719080553 -1.9786175294290296 2.0
Ile99 Ile55 0.39897843544281564 -0.3797835937816261 1.6665198027097914 -1.981546273881032 2.0
Ile99 Ile62 0.39229445448679306 -0.3667553430527223 1.6762529139869886 -1.9748558881373977 1.9999999986097918
Ile99 Ile64 0.1818149513266015 -0.33473629865677895 1.8101552839818051 -1.8414541242216433 2.0
Ile99 Ile66 0.4418991608852129 -0.36877935635207126 1.657814784146068 -2.0 2.0
Ile99 Ile7 0.48179209381366206 -0.38932962892547224 1.714505172851527 -2.0 2.0
Ile99 Ile81 0.43186722883755835 -0.3755130363974484 1.6516532717725845 -1.9964142142821626 2.0
Ile99 Ile85 0.4163939415430052 -0.3864547766409778 1.6563712695187927 -1.9932613678949462 2.0
Ile99 PIle60 0.48935195846657503 -0.27763863372449354 1.654033967665638 -1.9995985420257723 1.9999998052233572
Ile99 PIle6 0.44312880433674456 -0.35692091062140274 1.6526141943992663 -1.9994274243087111 1.9999999090959326
Ile99 TIle150 0.45532178433501996 -0.17767790161867458 1.6625192983984844 -1.994343186064856 1.9296336022188825
Ile99 TIle17 0.4072600470316715 -0.3710129224528469 1.665745641876889 -1.9833509387307495 2.0
Ile99 TIle27 0.40571048030789386 -0.36032566396201504 1.6579731803352542 -1.9999953709237541 2.0
Ile99 TIle29 0.4874626794452475 -0.21633311611898953 1.667019399755458 -1.9788482711608348 2.0
Ile99 TIle50 1.0147892068153523 -0.029487402690688124 1.4996863220618033 -1.9995629187607413 1.7594940020025982
Ile99 TIle58 0.46409931088425266 -0.3389359772176518 1.6430158858353965 -2.0 1.9889941621990448
Ile99 TIle78 0.5883545547325205 -0.4496371928869049 1.6025795725151961 -2.0 2.0
Ile99 UIle17 0.3190192311597428 -0.664425127225195 1.7124481860976186 -2.0 2.0
Ile99 UIle27 0.4742524079432696 -0.393610456105001 1.6379286680107537 -2.0 2.0
Ile99 UIle34 0.5321225034788151 -0.42359077161641234 1.6190608514314584 -2.0 2.0
Ile99 UIle40 0.5045629567116965 -0.31897614103831734 1.6961207684466562 -2.0 2.0
Ile99 UIle48 0.2761761992977511 -0.6215556338381539 1.6623316047812546 -1.9903957286592908 2.0
Ile99 UIle65 0.4513076414866276 -0.34444857544401203 1.652514283423865 -2.0 1.9999993458604857
Ile99 UIle7 1.4166491163363342 0.6019967770986143 1.1685687867006966 -1.9936443048252357 1.4647690919832979
PIle11 Ile13 0.4058955217883008 -0.43209718191921803 1.6594644596460966 -2.0 2.0
PIle11 Ile15 0.6922690301962586 -0.04311823288670885 2.0 -1.4853859960745461 1.725170470834277
PIle11 Ile47 0.4380735163988983 -0.4516003475404892 1.706180914548892 -2.0 2.0
PIle11 Ile54 0.4812714777920596 -0.3491316368552305 1.6887753970303183 -2.0 2.0
PIle11 Ile55 0.4109567955511647 -0.4772085963109075 1.6934551555603727 -2.0 2.0
PIle11 Ile62 0.41872405712743405 -0.46388123360109107 1.6930319594747083 -2.0 2.0
PIle11 Ile64 0.42390588266159157 -0.44523733151759326 1.6862239695755195 -2.0 2.0
PIle11 Ile66 0.4332153494322942 -0.4519660507542572 1.70197537473187 -2.0 2.0
PIle11 Ile7 0.47219916576180676 -0.4817578764810432 1.7623198003543445 -2.0 2.0
PIle11 Ile81 0.43182175491038616 -0.4474545439498065 1.6913325966506696 -1.9999999830315769 2.0
PIle11 Ile85 0.40911273405883586 -0.480417953027471 1.6936663898796684 -2.0 2.0
PIle11 Ile99 0.43423053314471943 -0.4408690487748318 1.6952125079390292 -2.0 2.0
PIle11 PIle60 0.4921920570558652 -0.34382224337058925 1.6975298301041832 -2.0 2.0
PIle11 PIle6 0.46169336014164786 -0.3909471215771938 1.6933962504400515 -2.0 2.0
PIle11 TIle150 0.339366280164587 -0.3277104290218007 1.7333933668684351 -2.0 1.9999938380769253
PIle11 TIle17 0.4203356946512099 -0.46078222986172884 1.6927343663606853 -2.0 2.0
PIle11 TIle27 0.4007293643611332 -0.43575501844285897 1.7008365825523666 -2.0 2.0
PIle11 TIle29 0.5049221939524495 -0.3097260086727366 1.6889846593373716 -2.0 2.0
PIle11 TIle50 0.4732985180639808 -0.4486033365170761 1.6815938030545101 -2.0 2.0
PIle11 TIle58 0.42780658020420215 -0.44795151487942214 1.692225096958628 -2.0 2.0
PIle11 TIle78 0.5968694798213926 -0.49449030953083195 1.6462522858847755 -2.0 2.0
PIle11 UIle17 0.3099821574014567 -0.7584253058255512 1.7611416695994029 -2.0 2.0
PIle11 UIle27 0.47485817939022207 -0.44830254253506735 1.6812754133514993 -2.0 2.0
PIle11 UIle34 0.6876241813633371 -0.3608897305958034 1.625357197315179 -2.0 1.9350905944974879
PIle11 UIle40 0.5226633027349328 -0.35610790687030763 1.7395119021194363 -2.0 2.0
PIle11 UIle48 0.27026831560413345 -0.7257511199096387 1.698692075540299 -2.0 2.0
PIle11 UIle65 0.469380643198818 -0.3763921181387256 1.6939599397780236 -2.0 2.0
PIle11 UIle7 -0.3071453697895929 -0.2890964221367546 1.9665830186052653 -1.51756810733311 2.0
PIle60 Ile15 0.5335075608193431 -0.12956790422547432 2.0 -1.4821759920585114 1.8327741092031602
PIle60 Ile47 0.4946875587330381 -0.28758134607113817 1.6642820802113678 -2.0 2.0
PIle60 Ile62 0.4652829887811757 -0.2997653038965443 1.6598499133744653 -1.9924886673795663 2.0
PIle60 Ile66 0.4867292673314029 -0.2950312655245099 1.6605635403274215 -1.9999998700499533 2.0
PIle60 Ile7 0.524863451703769 -0.3183324668343931 1.717813965390129 -2.0 2.0
PIle60 Ile81 0.49080122969768 -0.29211301567106435 1.6497013880700337 -2.0 2.0
PIle60 Ile85 0.4611430236586231 -0.31710975617141585 1.6573180879567773 -1.9953196286186046 2.0
PIle60 TIle150 0.28086786070234565 -0.1509754319719108 1.776651683689033 -1.916544243016921 1.997900051347084
PIle60 TIle17 0.46348194775666957 -0.2963192030517357 1.661576014489808 -1.9903970235583628 2.0
PIle60 TIle50 0.5124997511185255 -0.2859787482913463 1.649929506997198 -1.9927962423178722 2.0
PIle60 TIle58 0.6190781417531781 -0.14868694589690942 1.6239826944559548 -2.0 1.9521077539893688
PIle60 TIle78 0.6504851957017277 -0.3381483228868321 1.6053564453069251 -2.0 2.0
PIle60 UIle17 0.40469510174843754 -0.519825685363509 1.712679529497564 -2.0 2.0
PIle60 UIle34 0.5525554484723042 -0.29848523127092474 1.6396243868155902 -1.990796618858589 2.0
PIle6 Ile15 1.9244200254786947 0.5822009182584446 1.414689729088425 -1.850111370067882 1.3521394946887941
PIle6 Ile47 1.384103600443899 0.44011437904178496 1.4379192405498649 -2.0 1.5566042445025814
PIle6 Ile54 0.4765336801137783 -0.2388341257806074 1.66693784530207 -1.9796572675473676 2.0
PIle6 Ile55 0.4268076534510024 -0.37391726769785016 1.6530985736710788 -1.995565101268129 2.0
PIle6 Ile62 0.4156907849503089 -0.36831359976027456 1.6643127378475862 -1.9870300229087732 2.0
PIle6 Ile64 0.3997433192281187 -0.360041598469234 1.6682032327065142 -1.975940482561155 2.0
PIle6 Ile66 0.4543709234202695 -0.35900887717073987 1.6564686798798431 -2.0 1.995662818319449
PIle6 Ile7 0.507076643528156 -0.3408980723352439 1.7121879790963321 -2.0 2.0
PIle6 Ile81 0.4433071027613734 -0.36844892558240505 1.6491316723394467 -2.0 2.0
PIle6 Ile85 0.4035634594716016 -0.36551908505882835 1.6713266962921631 -1.981639096784288 2.0
PIle6 PIle60 0.5088911054762385 -0.23424385439129092 1.6577845210553912 -1.9955536971707706 1.9999867268498674
PIle6 TIle150 0.48458013367604413 -0.13471339980397157 1.6590990920333808 -1.9980481782533408 1.929940676374362
PIle6 TIle17 0.430486955383227 -0.37111199780859266 1.6530769099924874 -1.9971450510815996 1.9999999695543142
PIle6 TIle29 0.4860847694610756 -0.17111223015674476 1.6852019403842 -1.9613047197543845 2.0
PIle6 TIle50 0.48371961179808626 -0.3696839727606647 1.639832613955909 -2.0 2.0
PIle6 TIle58 0.4668193623762625 -0.31138335615802076 1.648939782012131 -1.9999938295251258 2.0
PIle6 TIle78 0.6066484562772373 -0.417194142705703 1.603325615205606 -2.0 2.0
PIle6 UIle17 0.282150302423128 -0.5950772795382472 1.741166496082323 -1.9772160580683715 2.0
PIle6 UIle27 0.6992148604613345 -0.20908445382192734 1.5872103348795847 -2.0 1.90639790307132
PIle6 UIle34 0.542758694072762 -0.3995901653792098 1.620970319408118 -2.0 2.0
PIle6 UIle40 1.5792456707375884 0.9521598262919495 1.877542237147275 -1.1574750362557757 1.192092585829505
PIle6 UIle48 0.3132422765597842 -0.5600197443314199 1.660446593549343 -1.9912604171364818 1.999804430126344
TIle100 Ile13 0.2621129448227942 -0.21075848107582446 1.736731101192463 -1.8986296948764376 1.9479324876663306
TIle100 Ile15 0.6441527951507301 0.20121025744188284 1.9999464191780636 -1.434874690032362 1.6475645690233998
TIle100 Ile47 0.44931563141251685 -0.21696108266085176 1.6644609266370953 -1.9950898370466257 1.9282082267698633
TIle100 Ile54 0.5314205469154858 -0.10813436164666232 1.6334399842579745 -2.0 1.9032477306149973
TIle100 Ile55 -0.11280371285903311 -0.294117179853294 1.9623705466927488 -1.7291579574016211 2.0
TIle100 Ile62 0.2076273214968757 -0.29930698438093845 1.7664188645046706 -1.9084895334728333 1.9815656115446798
TIle100 Ile64 0.49461878691908046 -0.1627982208942314 1.6315764244755158 -1.9943774084739394 1.897458549978961
TIle100 Ile66 0.1634920373057961 -0.31742639653247223 1.7968611983705554 -1.8956341941552441 1.9999973830782751
TIle100 Ile72 0.07004661475871352 -0.27499357699419846 1.8267626069290617 -1.8336003036923705 2.0
TIle100 Ile7 0.3405724197884063 -0.3648445235860548 1.747279193082214 -2.0 2.0
TIle100 Ile81 0.1287337945999036 -0.30933685986105447 1.8091882848207654 -1.8756409781287597 2.0
TIle100 Ile85 0.21748517343079657 -0.30463986662171666 1.7599192801645278 -1.912176145281561 1.9744715075811852
TIle100 Ile99 0.3473670872180664 -0.24033594718426024 1.7035993833710172 -1.9563556239016704 1.9518450264693437
TIle100 PIle11 0.4171809378907411 -0.31792126616426314 1.6980635080835424 -2.0 1.9416566543557963
TIle100 PIle60 0.20239989820455928 -0.2342993503558793 1.797161058895826 -1.8909107324497174 2.0
TIle100 PIle6 0.39865753792163866 -0.2013388262874979 1.6886972393006834 -1.964802928964216 1.934810744948782
TIle100 TIle150 -0.1849885249784605 -0.1865027295861091 1.9899708689928957 -1.747225471163578 1.9999859890148028
TIle100 TIle17 0.08141550213475846 -0.30652242473327285 1.8376040589439848 -1.8490150701670216 2.0
TIle100 TIle27 0.21109616837612258 -0.3163462887852008 1.7386230014674862 -1.9532539537875917 2.0
TIle100 TIle29 0.20024259775630313 -0.17270690802994762 1.8101415666972145 -1.871274384839866 2.0
TIle100 TIle50 0.22194510235034526 -0.31785890393323785 1.7636344672648359 -1.9105504536645743 1.9999984002226308
TIle100 TIle58 0.4913033610771371 -0.177103270074218 1.6365700565863865 -2.0 1.9043364777574066
TIle100 TIle78 0.6191952177482305 -0.2808137423454184 1.5972759967128969 -2.0 1.928266027845896
TIle100 UIle17 0.18163533933028164 -0.6373856901984537 1.7440561402078123 -2.0 2.0
TIle100 UIle27 0.19146131870493827 -0.31532034165174727 1.7780954861648615 -1.899404915309589 2.0
TIle100 UIle34 0.28609589397930885 -0.3356783013192903 1.730845430434668 -1.9339827410404977 2.0
TIle100 UIle40 0.2511989987109003 -0.264231094143616 1.8104490565643732 -1.9231828848711967 1.9999999085339355
TIle100 UIle48 0.34054242929618056 -0.439377563438152 1.642799431779452 -1.995019383741794 1.9018482549698355
TIle100 UIle65 0.15675108669042845 -0.29108643360775066 1.8030600503330563 -1.8845148046415865 2.0
TIle100 UIle7 1.075957386134329 0.5966916567101529 1.340016684502914 -1.877377645335976 1.486872640800989
TIle150 Ile47 0.2781321794521007 -0.2728562723797903 1.749503044021876 -1.947598295428601 1.9892776751711212
TIle150 Ile7 0.3823937267445792 -0.2764998264268163 1.753159178243474 -2.0 2.0
TIle150 Ile81 0.1911874198627731 -0.28561235358454873 1.7816250078523166 -1.9091774902941006 2.0
TIle150 TIle17 0.45794964620425643 -0.18933292541201752 1.6551354472955258 -1.9973700937806753 1.9263544516244009
TIle150 TIle50 0.40203920775385255 -0.2514608686132305 1.6808587359812865 -1.9822996084291553 1.967246553596127
TIle150 TIle58 0.21968075594358996 -0.22848008790765958 1.7814463388398762 -1.9075283432854762 2.0
TIle150 TIle78 0.49033775882686587 -0.35879678955817806 1.6410594067629993 -2.0 2.0
TIle150 UIle17 0.23203569742141048 -0.5453045386690121 1.748434912608019 -2.0 2.0
TIle150 UIle34 0.3523986909155954 -0.30820835392733287 1.7013487299685015 -1.9694789731045994 1.9999922203124674
TIle27 Ile13 0.20995717751673146 -0.3035272058705139 1.750701550100757 -1.8871599243919843 2.0
TIle27 Ile15 0.3163570711645519 -0.28547544638738226 1.9999901725792815 -1.5428086127405205 1.9104682862506728
TIle27 Ile47 0.4173263203523236 -0.356410225972403 1.6679875917776787 -2.0 2.0
TIle27 Ile54 0.4436676644472927 -0.2900791572822312 1.6536408564962772 -2.0 2.0
TIle27 Ile55 0.3903469658472142 -0.3825092400025439 1.655079573669408 -2.0 2.0
TIle27 Ile62 0.3996573690090953 -0.36926297635508987 1.6566164703170976 -2.0 2.0
TIle27 Ile64 0.3953140703927782 -0.3651961675002306 1.6500783365857523 -2.0 2.0
TIle27 Ile66 0.41135310120632224 -0.35977013059559054 1.6645356327827456 -2.0 2.0
TIle27 Ile7 0.4462601181691184 -0.38640670191938054 1.7193527660189125 -2.0 2.0
TIle27 Ile81 0.3280478596873912 -0.34391380373770597 1.7049276414740355 -1.9576647284467343 2.0
TIle27 Ile85 0.3898802947635864 -0.38569497665296304 1.6573178887658413 -2.0 2.0
TIle27 PIle60 0.454972284267978 -0.27991463262359906 1.6602505882081646 -2.0 2.0
TIle27 PIle6 0.41013346454633154 -0.3547532754769662 1.6590934046175405 -2.0 2.0
TIle27 TIle150 0.2828481999310917 -0.29471906121915037 1.7034123156367313 -1.994357605676661 2.0
TIle27 TIle17 0.40003887217836437 -0.3670565849109917 1.6560188249851604 -2.0 2.0
TIle27 TIle29 0.45380186260766747 -0.21126238124646093 1.6676389394760835 -1.989270168957135 1.9999990813348096
TIle27 TIle50 0.4404331716696201 -0.37848923920920163 1.6463817056282541 -2.0 2.0
TIle27 TIle58 0.40648074929275396 -0.35681489948514367 1.6560476431277704 -2.0 2.0
TIle27 TIle78 0.5578795853868378 -0.4372615408927478 1.6102710363688202 -1.9999976167575853 2.0
TIle27 UIle17 0.2905810372710959 -0.6514155932595626 1.716692206473804 -2.0 2.0
TIle27 UIle27 0.4427855916479746 -0.3796298614965141 1.645741400731251 -2.0 1.99999997565957
TIle27 UIle34 0.49621589513014236 -0.40694019135576 1.6286452186172051 -2.0 2.0
TIle27 UIle40 1.9867836562361676 1.266526840713897 1.774868792187152 -1.0208226783119954 0.9289810841244319
TIle27 UIle48 0.2599986032107111 -0.6125356681699291 1.659880828031316 -2.0 2.0
TIle29 Ile15 0.5472159164639796 -0.07162873473156618 2.0 -1.483720741234599 1.841386184496355
TIle29 Ile47 0.5204515375647666 -0.23094654257072406 1.6562850129257776 -2.0 2.0
TIle29 Ile54 0.5408641983249336 -0.09546011247063094 1.669471771808405 -1.9706132731468955 2.0
TIle29 Ile55 0.4562354753364269 -0.25081842177477154 1.6705994110498443 -1.9728631802021408 2.0
TIle29 Ile62 0.44788632953027036 -0.2203789714967969 1.6857791869455998 -1.9617219873983112 2.0
TIle29 Ile64 0.5075569399234813 -0.2211990566138361 1.6431757663218358 -1.9894785456868191 1.9921661434877351
TIle29 Ile66 0.5063019463959915 -0.2391616731108539 1.6569213967018332 -1.9959787907072688 2.0
TIle29 Ile7 0.548847978647609 -0.26349276825115725 1.7072863632211293 -2.0 2.0
TIle29 Ile81 0.49322905964753205 -0.23310644687213747 1.6598512330908568 -1.9824634449427692 2.0
TIle29 Ile85 0.46896372674144887 -0.257484815063756 1.6633208398238999 -1.9818141966657272 1.9998886382635574
TIle29 PIle60 0.5562439621507262 -0.09521385784852172 1.6694939374265563 -1.9776404143834723 2.0
TIle29 TIle150 0.2801239202742932 -0.09289760829392901 1.7874162475173059 -1.8996466675790584 2.0
TIle29 TIle17 0.46937618368435446 -0.23646521990919553 1.6694076210061743 -1.9753955348769572 2.0
TIle29 TIle50 0.5565612935933058 -0.23799915358543827 1.6330087510279152 -2.0 2.0
TIle29 TIle58 0.33664267269605075 -0.12333308334360416 1.790088508143018 -1.8588709051512329 2.0
TIle29 TIle78 0.6765131957829021 -0.2822144282509905 1.5980002527940746 -2.0 2.0
TIle29 UIle17 0.4293201738350893 -0.4589299824760768 1.7026840935300855 -2.0 2.0
TIle29 UIle34 0.6086227672399438 -0.25667327630247655 1.6177686080116471 -2.0 2.0
TIle29 UIle40 0.6077262611291818 -0.1299569660382555 1.6881671516947825 -2.0 2.0
TIle29 UIle48 0.2724278271813724 -0.4084346447610431 1.7157321604498466 -1.9276466331656434 2.0
TIle3 Ile13 0.3602256083765867 -0.12463202593746896 1.696608035481543 -1.9248415134206063 1.9028771749738156
TIle3 Ile15 1.5248412597815295 0.6172210452589968 1.6072446723426486 -1.7062065362809917 1.3758632496199084
TIle3 Ile47 0.21386929636854612 -0.28120648148551614 1.774820297066328 -1.9210213379443533 1.9860264078173366
TIle3 Ile54 0.3274056571184635 -0.13555930916849246 1.7372364538238998 -1.9248457693283048 1.9421809462179933
TIle3 Ile55 0.6514111056837466 -0.020170237454881494 1.595329797188001 -2.0 1.8083179989307396
TIle3 Ile62 0.48993734777141407 -0.1429106525852503 1.6409673935973037 -1.9962614793490498 1.8875151561515426
TIle3 Ile64 1.3935085597949033 0.5514016649642781 1.40901355305021 -1.999985360309273 1.4646795198379075
TIle3 Ile66 0.3780288838437282 -0.19217201398352235 1.7012977508666447 -1.9640866460574935 1.9284787010650002
TIle3 Ile72 0.004304068644736672 -0.2522555253062209 1.863129470118495 -1.8061449378405658 2.0
TIle3 Ile7 0.12044655240155362 -0.29779468509587287 1.8959594259865473 -1.8665770227806926 2.0
TIle3 Ile81 0.0737128038654873 -0.2831160688402539 1.8407177315531176 -1.853714941256273 2.0
TIle3 Ile85 0.07125961250770282 -0.3162666330889609 1.833364894532564 -1.8607330464389273 2.0
TIle3 Ile99 0.024973535555229312 -0.262575436038133 1.8808189091586054 -1.8167777953799509 2.0
TIle3 PIle11 0.2028010436108965 -0.38600850949679466 1.7865919190116522 -1.951068633920763 2.0
TIle3 PIle60 0.14522237471292287 -0.2073575074215088 1.8303158274543736 -1.8675918952919919 2.0
TIle3 PIle6 0.11152485037143978 -0.27569270507436605 1.8255022953374485 -1.8697239141924442 1.9999952186960994
TIle3 TIle100 -0.23564244573189444 -0.21389464113368825 2.0 -1.7372495302167734 2.0
TIle3 TIle150 -0.14746204052938494 -0.16036578366918874 1.9628705449590285 -1.7780616119983486 1.9891925829486419
TIle3 TIle17 0.06511605575205537 -0.2921607000698794 1.8430807179394337 -1.851101130085247 2.0
TIle3 TIle27 0.19524533653920767 -0.28081329869161953 1.7493567333111546 -1.9477574161191689 1.9926338030822504
TIle3 TIle29 0.13038563755416158 -0.1419902971321923 1.8515301827515134 -1.8403737029679597 2.0
TIle3 TIle50 0.16865121971871774 -0.2982165747822973 1.792080626035816 -1.8911791983125041 2.0
TIle3 TIle58 0.08476800077574805 -0.28553485127021355 1.8346622096881389 -1.8586581498298917 2.0
TIle3 TIle78 0.43870190729760483 -0.3797218452180469 1.6471737524438408 -1.9977327274670045 1.9999978191310859
TIle3 TIle9 0.18942440402804678 -0.32923651807645543 1.7744121386854335 -1.9026416769844798 2.0
TIle3 UIle17 0.14800426780707293 -0.6170085774138261 1.7615420979284393 -1.9907154823158777 2.0
TIle3 UIle27 0.491685519576747 -0.1582751268207549 1.640092760031144 -1.9993964678853724 1.9040644491094987
TIle3 UIle34 0.4680726089054397 -0.22725353980980598 1.6447443757317162 -2.0 1.9370383929174415
TIle3 UIle40 0.32212067247022924 -0.26916495126235057 1.7542376099945867 -1.9831593558771663 2.0
TIle3 UIle48 -0.08030170486100725 -0.5408577880561606 1.849054131338004 -1.8479456688946847 1.9999763632354108
TIle3 UIle65 0.10824168259274734 -0.2736470095139347 1.828701839894698 -1.8674584761971127 2.0
TIle3 UIle7 0.4496815969001678 0.32226110705142197 1.6069609598081824 -1.7109162689068314 1.6775036493630353
TIle50 TIle17 0.46654613924822186 -0.3927289814369186 1.6370993235238058 -1.999987854571867 2.0
TIle50 TIle58 0.4801654739069208 -0.3682200360703751 1.6369225340943052 -2.0 2.0
TIle50 TIle78 0.6340411502878242 -0.47197979197682116 1.588068084126373 -2.0 2.0
TIle58 TIle17 0.3994901752492439 -0.3745298388765061 1.6673615688489405 -1.9803730637865509 2.0
TIle78 TIle17 0.5857433435822562 -0.45242236353752197 1.6003813689167983 -1.9999973499889268 2.0
TIle78 TIle58 0.6038374466995509 -0.41708346333686014 1.6002606764422858 -2.0 2.0
TIle9 Ile13 0.5793218894010638 -0.3089791727121816 1.5791095426011232 -1.9999995343809578 1.9490262183223206
TIle9 Ile15 1.0147468239101332 0.12171766319718878 1.810727033487035 -1.5730714552404412 1.6383780349034667
TIle9 Ile47 0.4932769055909293 -0.39934704994625503 1.6427651902894163 -2.0 2.0
TIle9 Ile54 0.5197302285785987 -0.3314781634566365 1.6287210728316384 -2.0 2.0
TIle9 Ile55 0.4666931558254872 -0.4265720692581889 1.629667397863137 -2.0 2.0
TIle9 Ile62 0.4756750629409113 -0.4123304116756243 1.6312637058174024 -2.0 1.9999966345149598
TIle9 Ile64 0.4599571148938224 -0.40131490385981206 1.6322097526637134 -1.9944982941888532 2.0
TIle9 Ile66 0.4871825759012349 -0.40344736620900146 1.6392019505166777 -2.0 2.0
TIle9 Ile72 0.27971181607784534 -0.33902572784560375 1.741549605514334 -1.8701812596478156 2.0
TIle9 Ile7 0.5195807541373023 -0.42689105360511204 1.6949490298007868 -2.0 2.0
TIle9 Ile81 0.48999469693087805 -0.40596468871803937 1.6285889386024086 -1.9999693914120356 2.0
TIle9 Ile85 0.46648547788797035 -0.4300255046487179 1.6317475889488025 -2.0 2.0
TIle9 Ile99 0.4835528614930972 -0.40068267515303785 1.632493455203703 -2.0 2.0
TIle9 PIle11 0.47506691142461677 -0.479112384643652 1.6759928427684365 -2.0 2.0
TIle9 PIle60 0.5311069459069087 -0.32121015144227383 1.6354450802443963 -2.0 2.0
TIle9 PIle6 0.48695983223127637 -0.39745926280748606 1.6339561289695046 -2.0 2.0
TIle9 TIle100 0.45977117296182424 -0.2678773762384987 1.642009573370882 -1.9969561523732173 1.9410457472983016
TIle9 TIle150 0.28736433041973336 -0.3227179546435772 1.7297958128104722 -1.9447233151663577 2.0
TIle9 TIle17 0.4753535467898434 -0.4111524695222205 1.6307566866131087 -2.0 2.0
TIle9 TIle27 0.4544980703402801 -0.3882344035706709 1.6397399394355785 -2.0 2.0
TIle9 TIle29 0.9154691262468337 0.00983126726843265 1.5405072702903928 -2.0 1.8371805948722295
TIle9 TIle50 0.523552549267108 -0.4212999862841354 1.619509198743899 -2.0 2.0
TIle9 TIle58 0.4826585904260654 -0.4005979397176102 1.6308089108331436 -2.0 2.0
TIle9 TIle78 0.6541695197899311 -0.4873368150906034 1.578651546669153 -2.0 2.0
TIle9 UIle17 0.363222128811005 -0.698722533397897 1.691305048392295 -2.0 2.0
TIle9 UIle27 0.5363994251281106 -0.4275181510142189 1.6157916270017945 -1.9999986411769735 2.0
TIle9 UIle34 0.6074031587502648 -0.46459548396570327 1.592271477485869 -2.0 2.0
TIle9 UIle40 1.4942795372721516 1.09349051242825 2.0 -0.8461461636668532 1.056233969634571
TIle9 UIle48 0.33556858863322586 -0.6638820300585278 1.6332176639882487 -2.0 2.0
TIle9 UIle65 0.45919901999196305 -0.37494674761076907 1.6547994049140424 -1.9826795647237823 1.9995676111556582
TIle9 UIle7 -0.33125539796922937 -0.22504838806287158 1.9602254128125647 -1.4588525843400193 2.0
UIle17 Ile47 0.32367484419264686 -0.6763088563511837 1.7240221581036308 -2.0 2.0
UIle17 Ile7 0.3658808799915012 -0.7009694813588384 1.7865659235448381 -2.0 2.0
UIle17 TIle17 0.3034180147540723 -0.6839969188552133 1.7080277833867685 -2.0 2.0
UIle17 TIle50 0.3581906483217022 -0.6610891104456902 1.699093466135562 -2.0 2.0
UIle17 TIle58 0.31724418004670085 -0.6621191430771426 1.7083320669571644 -2.0 2.0
UIle17 TIle78 0.8256022541749004 -0.47113989379310595 1.5737902944569178 -2.0 1.8587295859256419
UIle17 UIle34 0.42358639066107995 -0.707412332756713 1.675789998192104 -2.0 2.0
UIle27 Ile15 0.6108336662495067 -0.022904662852974884 2.0 -1.4444963079014352 1.746993688666471
UIle27 Ile47 0.48813178640454763 -0.3882200027457167 1.6473844566686782 -2.0 2.0
UIle27 Ile54 0.5333637932566415 -0.30234202209405003 1.6307091994088219 -2.0 2.0
UIle27 Ile55 0.46991183809315734 -0.39639906457678875 1.6343854645692104 -2.0 2.0
UIle27 Ile62 0.47262012279257576 -0.3948080801129363 1.636307915144731 -2.0 1.9999986632374782
UIle27 Ile64 0.3763167640680241 -0.377436912188307 1.68634723904694 -1.9504886596970599 1.9999999622255396
UIle27 Ile66 0.48317034787369767 -0.3901827606698222 1.6439531924992616 -1.9999997355905117 2.0
UIle27 Ile7 0.5261484158429837 -0.3983390182976222 1.6984737722898884 -2.0 2.0
UIle27 Ile81 0.481291791723526 -0.39876572505082847 1.6340618319542441 -1.999998844491736 2.0
UIle27 Ile85 0.4714638474919815 -0.3969690588734338 1.636364362827192 -2.0 2.0
UIle27 PIle60 0.5451095465034963 -0.29357680886175597 1.6371119906998706 -2.0 2.0
UIle27 TIle150 0.31592798883167966 -0.2724071635902914 1.7212657579226192 -1.9536118651165468 1.984862178665926
UIle27 TIle17 0.4723972591321355 -0.3954884683051641 1.635498356508031 -2.0 2.0
UIle27 TIle29 0.5754382207376111 -0.23869974954351936 1.628563578529256 -2.0 2.0
UIle27 TIle50 0.5175136589473677 -0.4141421750514355 1.6241814506435606 -2.0 2.0
UIle27 TIle58 0.4902663824316978 -0.3683654973006335 1.634587187180799 -2.0 2.0
UIle27 TIle78 0.6608462976210668 -0.47813504060018147 1.5811141193270222 -2.0 2.0
UIle27 UIle17 0.34371719502629444 -0.6613867303444751 1.7023415299001723 -2.0 2.0
UIle27 UIle34 0.6053646676930963 -0.45871085867812833 1.596405103295942 -2.0 2.0
UIle27 UIle40 0.5557733172727751 -0.3313181795238147 1.67938537201437 -2.0 2.0
UIle27 UIle48 0.31951462416115156 -0.6219270320541121 1.6439930556652533 -1.9999994417136193 2.0
UIle34 Ile47 0.5393156753670295 -0.4143955443030285 1.630996048094787 -2.0 2.0
UIle34 Ile7 0.5661351964216944 -0.4157073741165161 1.6862771064523807 -2.0 1.9999999862589093
UIle34 TIle17 0.8554328386298196 -0.22412808031147116 1.5313473560448398 -2.0 1.8609593518893675
UIle34 TIle50 0.5832020088543861 -0.4485798580321819 1.602718452069916 -2.0 2.0
UIle34 TIle58 0.5414846623845271 -0.4001047612725735 1.6174261661555434 -2.0 2.0
UIle34 TIle78 0.7515103148831217 -0.5346995286514151 1.5489261514331203 -2.0 2.0
UIle40 Ile15 1.2617809885361893 0.66938646455153 1.9986862355983492 -1.0668626640049363 1.2669043949950225
UIle40 Ile47 0.48302305086699426 -0.32130575900368485 1.716959763750184 -1.996640839165569 1.9999861725994936
UIle40 Ile62 0.4894929674798141 -0.34154531293600043 1.6935458141930975 -2.0 2.0
UIle40 Ile66 1.853271730939742 1.1292848114373077 1.8927394986926398 -0.9191488812935094 0.9848454816028404
UIle40 Ile7 0.5719673483391627 -0.30558223825393 1.7616132873926684 -1.9999944997721322 2.0
UIle40 Ile81 0.5047900353788837 -0.3314738377585216 1.6909336082149367 -2.0 2.0
UIle40 Ile85 0.4876850632022473 -0.34578920847735617 1.6934988947498755 -2.0 2.0
UIle40 PIle60 0.5803681268404369 -0.19169682689454656 1.6971009758746418 -2.0 2.0
UIle40 TIle150 0.4071432565174979 -0.20737724178164924 1.7351219350528304 -2.0 2.0
UIle40 TIle17 1.9457961229427185 1.244088921312235 1.7856573450432003 -1.0038882016551438 0.931848644451964
UIle40 TIle50 0.5446939774995803 -0.33115072833736914 1.6817742161957776 -2.0 2.0
UIle40 TIle58 0.5286232619632839 -0.27094625563613095 1.6908656626477965 -2.0 2.0
UIle40 TIle78 0.6625435397782032 -0.3738823642443177 1.6473837718806223 -2.0 2.0
UIle40 UIle17 0.4090621928239085 -0.5850069348287863 1.7602131130305456 -2.0 2.0
UIle40 UIle34 0.5903539598744307 -0.346141865613218 1.6688272360535248 -2.0 2.0
UIle48 Ile15 0.5084880998346091 -0.1757528526730689 1.9999868410750061 -1.438858966024143 1.7095774091830445
UIle48 Ile47 0.2916661895742332 -0.6356022390508457 1.6638141327840243 -1.9999999893004894 2.0
UIle48 Ile62 0.26252182985332123 -0.6453568538162617 1.6612759159748958 -1.990705984897789 1.9999730325098208
UIle48 Ile64 0.24585330778405393 -0.612622937004215 1.6724066458255484 -1.9720090473426364 2.0
UIle48 Ile66 0.29278713951503016 -0.6273615617419583 1.659937102430781 -2.0 2.0
UIle48 Ile7 0.2745429953772968 -0.7344523406424152 1.7059509139673645 -2.0 2.0
UIle48 Ile81 0.2657256725676857 -0.6195594877584109 1.666672051531472 -1.9847797298474879 2.0
UIle48 Ile85 0.26227202360413565 -0.6637566086558703 1.6557514160953135 -1.9962059624253334 1.9991300023154983
UIle48 PIle60 0.3328562430163864 -0.48259993160183823 1.6730674434195125 -1.9770459189162446 2.0
UIle48 TIle150 0.08424439654314596 -0.4842701967922259 1.7802105890739643 -1.910267306247591 2.0
UIle48 TIle17 0.2839646561577943 -0.6358473369080194 1.6494979772211826 -1.99798930304291 1.9932825157019645
UIle48 TIle50 0.330279157764202 -0.6212163320529018 1.6415977044586256 -2.0 2.0
UIle48 TIle58 0.2889209693470721 -0.6163727859379567 1.6539447106213594 -1.9953740059626446 1.9965214724835791
UIle48 TIle78 0.462259592739159 -0.6783353524523108 1.601292650087581 -2.0 2.0
UIle48 UIle17 0.3741466077810148 -0.8159884991845895 1.6553111079770517 -1.9999648003054769 1.9002354978001983
UIle48 UIle34 0.4068397188413587 -0.6824056707387974 1.6135577467825382 -2.0 2.0
UIle48 UIle40 1.9586653001229704 1.0483116202315168 1.6304333134452156 -1.2247022476620484 0.9436656163689895
UIle65 Ile13 0.3866827499583317 -0.291186049245981 1.6652997775142664 -1.9425313291903163 1.979526143024425
UIle65 Ile15 1.1414752016975132 0.2766559008254274 1.7730443193970205 -1.6013025400866054 1.5773422242360209
UIle65 Ile47 0.45545255859500294 -0.35321875104442974 1.662980953683947 -2.0 2.0
UIle65 Ile54 0.48653249888259265 -0.21768180495721356 1.6691159799846687 -1.9782002211478658 2.0
UIle65 Ile55 0.4209053729622885 -0.37081016423384566 1.6585388689488119 -1.9910297446404988 2.0
UIle65 Ile62 0.4274355627162802 -0.36566240449845133 1.6588436285172012 -1.9925326583014396 2.0
UIle65 Ile64 0.40328730736440227 -0.34745815213872094 1.6708344262351538 -1.9737159208648118 2.0
UIle65 Ile66 0.448717314089315 -0.35884599838895903 1.6594950043536802 -2.0 2.0
UIle65 Ile7 0.511340255821491 -0.3348371879907724 1.7127774164514793 -2.0 2.0
UIle65 Ile81 0.042422496918856294 -0.29964695181170076 1.9631073840179651 -1.6787941433137166 2.0
UIle65 Ile85 0.3609387998320385 -0.34881655056535005 1.7017180979980475 -1.9546095535750299 2.0
UIle65 PIle60 0.5269470255025477 -0.21573896757082692 1.653731051798601 -2.0 2.0
UIle65 PIle6 0.43792714858162773 -0.27743613943183204 1.6814267025161322 -1.9741823900509876 2.0
UIle65 TIle150 0.3094430357507008 -0.21687941804932337 1.7369661665729523 -1.9490677465994033 1.9914563600043436
UIle65 TIle17 0.4372842428984311 -0.36501233999334587 1.6508742951254227 -2.0 2.0
UIle65 TIle27 0.41669358345535423 -0.3433530038861599 1.6596310603705526 -2.0 2.0
UIle65 TIle29 0.5318859973845936 -0.15171645320336405 1.6638261516729256 -1.9826818854696575 2.0
UIle65 TIle50 0.49184132584005363 -0.35565039980264945 1.6400424192792562 -2.0 2.0
UIle65 TIle58 0.45999082738675495 -0.2929860423443489 1.6616819270165792 -1.9873736573027798 2.0
UIle65 TIle78 0.6128712181947642 -0.40380075716214026 1.6040573479975992 -2.0 2.0
UIle65 UIle17 0.3515838949703423 -0.6059945428579759 1.7093113087322298 -2.0 2.0
UIle65 UIle27 0.5020576068320812 -0.3554618162021754 1.637765203738142 -2.0 2.0
UIle65 UIle34 0.5495646697633042 -0.3851730306640722 1.6217092152186738 -2.0 2.0
UIle65 UIle40 0.5433399011062916 -0.25131298671836994 1.6948999524760389 -2.0 2.0
UIle65 UIle48 0.31815532624618803 -0.5611633504942497 1.6568114024794225 -1.9951589849292244 2.0
UIle7 Ile13 1.6109907849970393 0.8104409083093594 1.0481133080419358 -2.0 1.3487472209352593
UIle7 Ile15 0.2734047793836794 0.3077750100782138 1.9784246678453103 -1.2580829014336128 1.665957008536063
UIle7 Ile47 0.6086744464841328 0.23806888858200584 1.5445337182229566 -1.7526432283910245 1.7087473548479282
UIle7 Ile54 -0.014222660082879304 0.10686186141598632 1.8006011131944322 -1.5059277158880964 1.833004171274272
UIle7 Ile55 0.7208888681402823 0.2970032266882659 1.4763146241040885 -1.7771539866532748 1.6534539883328647
UIle7 Ile62 0.22102103889133126 0.09285023973049572 1.7170708950527258 -1.6243139912734907 1.8109386764250572
UIle7 Ile64 -0.4143307023150013 -0.13853857773017522 2.0 -1.4133254875949564 1.9820617551737547
UIle7 Ile66 -0.39842202685257255 -0.18269725725758024 1.9999992134928624 -1.4400095961979869 1.9983562523866656
UIle7 Ile7 -0.24106649033098673 -0.23303845243777596 1.9576231561671054 -1.5346367187438894 2.0
UIle7 Ile81 0.6051063850131543 0.2437421144891124 1.5421111159559646 -1.7470737816481967 1.7030413536272293
UIle7 Ile85 -0.41521935358490913 -0.20027395159811243 1.9999986903417069 -1.4354351070704827 1.995147715614629
UIle7 PIle60 1.3053600677004231 0.6666372154968454 1.2577632780897423 -1.932270484764873 1.519809192306237
UIle7 PIle6 -0.25552774682570806 -0.12825991616489732 1.8943284937893339 -1.5609167942163067 2.0
UIle7 TIle150 0.03146370351340391 0.22138430577357174 1.8358388839808482 -1.5486203755551353 1.813270139197588
UIle7 TIle17 1.394459205628843 0.5510490607340042 1.1751082686060002 -2.0 1.4739431592299066
UIle7 TIle27 0.5961492793145343 0.20762066533978318 1.5171807326786582 -1.791262137053654 1.7248429569832597
UIle7 TIle29 0.5139472323157549 0.3961368589730497 1.6359380488577993 -1.67140486597843 1.7579756169964431
UIle7 TIle50 0.050666391793302706 -0.023517399788461287 1.79380884364958 -1.5771491357279983 1.8871533568434522
UIle7 TIle58 -0.36216693226418617 -0.08806586968173868 2.0 -1.4308582532741954 1.9958339644237688
UIle7 TIle78 0.9666025163740412 0.15372449774900016 1.354110138998171 -1.884516059197774 1.7040611389585478
UIle7 UIle17 1.1501788436851774 0.18583260649926533 1.2554545616644115 -2.0 1.5474665938066388
UIle7 UIle27 -0.35991856621616974 -0.18189571032783247 1.9825614965298404 -1.4464926662280937 2.0
UIle7 UIle34 1.5724354082456211 0.5545458728385896 1.126601971554099 -2.0 1.4534794278935288
UIle7 UIle40 0.06896147079574366 0.03042530380808815 1.8456940934238715 -1.5951462361357027 1.9221700871652208
UIle7 UIle48 -0.7120360561240375 -0.4813764413361878 2.0 -1.3760146041270502 1.9927971828892175
UIle7 UIle65 1.4402987443407131 0.6338165436761837 1.1786221609412968 -2.0 1.4779086671583772
