TIle100 TIle150 1.20025628952 0.771314426347 1.6940848531 -1.04868500706 1.05342166621
TIle100 TIle17 1.2300864059 0.772397216434 1.65133009757 -1.04760903906 1.04152760584
TIle100 TIle29 0.601992201627 0.22457376133 2.0 -1.61988664462 2.0
TIle100 TIle50 0.468532786312 -0.156072593574 2.0 -1.64385807315 2.0
TIle100 TIle58 0.483375074787 -0.0762475806118 2.0 -1.64688211141 2.0
TIle100 TIle78 1.17098006608 0.464103196815 1.68014667927 -1.05963240381 1.24011670749
TIle100 UIle27 0.502764699294 -0.0705931068668 2.0 -1.62653650696 2.0
TIle100 UIle34 0.512833019505 -0.0876530317355 2.0 -1.60351856449 2.0
TIle100 UIle40 1.36917966101 0.80381427002 1.72371464654 -1.08300476843 1.14911549222
TIle100 UIle65 0.482366607766 -0.0792430926884 2.0 -1.64654389755 2.0
TIle100 UIle7 0.711993627986 0.802435717845 1.02877706726 -1.65634079278 1.08646988749
TIle150 TIle17 0.505937458471 0.01779403852 2.0 -1.67560692805 2.0
TIle150 TIle58 0.505212954364 0.0187049002188 2.0 -1.67652935266 2.0
TIle150 UIle7 0.638200937949 0.664804728405 1.01026076182 -1.92089879004 1.35128494323
TIle17 UIle7 0.945719382619 1.12223695573 1.23821113566 -0.957995730547 0.811731424765
TIle27 TIle100 0.496875009881 -0.0902152143823 2.0 -1.61627403148 2.0
TIle27 TIle150 1.26531114852 0.947826300338 1.62227629187 -1.0362053967 0.929589720021
TIle27 TIle17 0.549356952223 -0.0989836108937 2.0 -1.54595141429 2.0
TIle27 TIle29 0.650662105804 0.17910520846 2.0 -1.50552282701 2.0
TIle27 TIle50 0.534440041359 -0.175032200475 2.0 -1.54391557006 2.0
TIle27 TIle58 0.550037764597 -0.099761974409 2.0 -1.54482731605 2.0
TIle27 TIle78 0.589803441 -0.117206846178 2.0 -1.48404635779 2.0
TIle27 TIle9 1.24768364816 0.659881423725 1.64842938797 -1.0583474263 1.10551155162
TIle27 UIle17 0.515849563272 -0.300129825843 2.0 -1.64538294039 2.0
TIle27 UIle27 0.585077585661 -0.0843421740199 2.0 -1.51054216755 2.0
TIle27 UIle34 0.594352857236 -0.151835979607 2.0 -1.45851894679 2.0
TIle27 UIle40 1.37086649465 0.53155957979 1.75561212946 -1.09129247297 1.3543587843
TIle27 UIle48 0.269150134506 -0.157785322604 2.0 -1.60105698168 2.0
TIle27 UIle65 0.550966688087 -0.0979267240784 2.0 -1.54461411316 2.0
TIle27 UIle7 0.958618985651 1.14973329854 1.22375430557 -0.945769624486 0.784553653575
TIle29 TIle150 0.620211217254 0.322232790487 2.0 -1.65530411323 2.0
TIle29 TIle17 0.651292696282 0.202949312534 2.0 -1.54487664225 2.0
TIle29 TIle50 0.639909566647 0.142357012313 2.0 -1.54384100982 2.0
TIle29 TIle58 0.642590078802 0.179865146063 2.0 -1.54813604574 2.0
TIle29 TIle78 0.689911268103 0.201427443362 2.0 -1.49566118692 2.0
TIle29 UIle34 0.68687579132 0.210673491282 2.0 -1.50497091401 2.0
TIle29 UIle40 1.46939570609 0.941547449137 1.74288288721 -1.06236519854 1.30904850582
TIle29 UIle65 1.27639970238 0.804703569775 1.63738797409 -1.04226662442 1.09611788964
TIle29 UIle7 0.588423383917 0.384983579829 1.11609561118 -2.0 1.77949938076
TIle3 TIle100 0.519171994671 0.0551087142958 1.99999834247 -1.76066247098 2.0
TIle3 TIle150 0.540024504987 0.165983551268 2.0 -1.80242236563 2.0
TIle3 TIle17 0.57799221908 0.0291836267408 2.0 -1.67507505763 2.0
TIle3 TIle27 0.998071906178 0.405449003813 1.84105097883 -1.3277743012 1.44359308917
TIle3 TIle29 0.679344599045 0.312152362376 2.0 -1.63859550178 2.0
TIle3 TIle50 0.994848805215 0.247917314814 1.72786157227 -1.51973266127 1.45056767061
TIle3 TIle58 0.846997077367 0.158716579328 1.72351188826 -1.8083483079 1.70837897807
TIle3 TIle78 1.23780330932 0.436947198186 1.66001523999 -1.07510962675 1.24058786401
TIle3 TIle9 1.2644952395 0.606314548131 1.67499321105 -1.07347642009 1.13696259756
TIle3 UIle17 0.521200597295 -0.255975475494 2.0 -1.79275852368 2.0
TIle3 UIle27 0.613486649405 0.0409467783642 2.0 -1.6386718218 2.0
TIle3 UIle34 1.23314343833 0.456309484431 1.65771093297 -1.07155517087 1.22992493233
TIle3 UIle40 1.47250678014 0.903015241152 1.73323655103 -1.06483047292 1.13419845959
TIle3 UIle48 0.214613348293 -0.0732590188591 2.0 -1.75755391809 2.0
TIle3 UIle65 0.584172452027 0.0434169961464 2.0 -1.67433786414 2.0
TIle3 UIle7 0.717702579252 0.70315611972 0.956404365819 -1.98250355892 1.24358541988
TIle50 TIle150 1.26899825387 0.88955839784 1.62978832688 -1.04342940754 0.96362867895
TIle50 TIle17 1.23919889109 0.660925416972 1.64134054268 -1.05509370708 1.10552388851
TIle50 TIle58 0.520926267053 -0.163102107509 2.0 -1.57338856762 2.0
TIle50 TIle78 0.560854321002 -0.18387678761 2.0 -1.51237486223 2.0
TIle50 UIle7 0.607968638289 0.442637374679 0.914358873444 -2.0 1.29974973163
TIle58 TIle17 1.2636952271 0.887562388718 1.61995916681 -1.03914582587 0.967890529766
TIle58 UIle7 0.695444192928 0.649091108339 0.928883168427 -1.87153798815 1.25283604164
TIle78 TIle150 0.54226145497 0.014642877078 2.0 -1.62880728922 2.0
TIle78 TIle17 0.575250916855 -0.10375479392 2.0 -1.51609168302 2.0
TIle78 TIle58 0.575540668403 -0.103003617922 2.0 -1.51684854354 2.0
TIle78 UIle7 0.758675943754 0.664796909416 1.09863897418 -1.51321748015 1.22018781844
TIle9 TIle100 0.535081999402 -0.085822688733 2.0 -1.62099234298 2.0
TIle9 TIle150 0.573097270629 0.0278631554574 2.0 -1.66477720007 2.0
TIle9 TIle17 0.605352599692 -0.0835548399148 2.0 -1.55722250765 2.0
TIle9 TIle29 0.707886768989 0.198883013785 2.0 -1.52088047278 2.0
TIle9 TIle50 0.892161877153 0.039571444904 1.75812317941 -1.52967940799 1.61733059018
TIle9 TIle58 0.604631975111 -0.083556160865 2.0 -1.55810291104 2.0
TIle9 TIle78 1.22178454029 0.394220180901 1.65658239563 -1.07347834265 1.26935220763
TIle9 UIle27 0.763946315968 -0.184058446729 1.80377425317 -1.75977580494 1.99856385292
TIle9 UIle34 0.864786028554 -0.18071905913 1.85204930327 -1.42453007931 1.8476428021
TIle9 UIle40 1.45201514403 0.795437125646 1.73099248741 -1.07905054023 1.23398198758
TIle9 UIle48 0.292745096035 -0.166506133711 2.0 -1.62025943867 2.0
TIle9 UIle65 0.608873645922 -0.076246896149 2.0 -1.55752736991 2.0
TIle9 UIle7 0.630875449209 0.426430215335 0.967611940856 -1.99973508489 1.44060094435
UIle17 TIle100 0.47333312178 -0.238900179281 2.0 -1.7600853 2.0
UIle17 TIle150 0.467746177218 -0.222524787698 2.0 -1.79326477506 2.0
UIle17 TIle17 0.513339223135 -0.284530136713 2.0 -1.68950277606 2.0
UIle17 TIle29 0.545478325998 -0.173633057292 2.0 -1.657523925 2.0
UIle17 TIle50 0.508216105657 -0.35567550883 2.0 -1.69921991743 2.0
UIle17 TIle58 0.512114858064 -0.283723454664 2.0 -1.68948568463 2.0
UIle17 TIle78 0.544041477053 -0.322938496223 2.0 -1.6296437761 2.0
UIle17 TIle9 0.559349840073 -0.320797425484 2.0 -1.66681989994 2.0
UIle17 UIle27 0.523257824181 -0.29570527633 2.0 -1.67380255876 2.0
UIle17 UIle34 0.551149610162 -0.333646041593 2.0 -1.60996160659 2.0
UIle17 UIle40 0.823588692794 -0.282880288142 2.0 -1.77425090175 1.9951507508
UIle17 UIle48 0.17504305755 -0.518422345365 2.0 -1.85422106842 2.0
UIle17 UIle65 0.512259488014 -0.283894395244 2.0 -1.68963989923 2.0
UIle17 UIle7 0.76052221476 1.96249418854 0.872526326577 -0.401406036565 0.455459618313
UIle27 TIle150 0.529467607333 0.0268009368148 2.0 -1.6516384133 2.0
UIle27 TIle17 0.567289610912 -0.0752154504405 2.0 -1.54397335279 2.0
UIle27 TIle29 0.702108586734 0.223706825604 2.0 -1.49437294894 2.0
UIle27 TIle50 1.2184369038 0.550196422755 1.65470402541 -1.06034735326 1.17727342926
UIle27 TIle58 0.56783489681 -0.0742125478925 2.0 -1.54280291744 2.0
UIle27 TIle78 0.617618208431 -0.0889390710877 2.0 -1.47256879617 2.0
UIle27 UIle34 0.625097443356 -0.123233987602 2.0 -1.44310114477 2.0
UIle27 UIle40 1.2027154403 0.245268410492 1.76651030851 -1.66579147188 1.79158216066
UIle27 UIle65 0.57017873968 -0.0685820724375 2.0 -1.54314824115 2.0
UIle27 UIle7 0.697030210457 0.718601465372 1.03225024352 -1.70102241014 1.18497023924
UIle34 TIle150 0.530118843236 0.0410259065438 2.0 -1.65964368038 2.0
UIle34 TIle17 1.22713135349 0.564693957883 1.64698383068 -1.05948563931 1.16561124732
UIle34 TIle50 0.563847284562 -0.221205782975 2.0 -1.48673835621 2.0
UIle34 TIle58 0.576115088914 -0.127550385634 2.0 -1.5014037842 2.0
UIle34 TIle78 0.631227421051 -0.19550050358 2.0 -1.39120465547 2.0
UIle34 UIle65 1.20564905473 0.442602433236 1.64491116468 -1.06247244413 1.24030907614
UIle34 UIle7 0.609003019261 0.267660801984 1.00293756594 -1.83879866909 1.48744659135
UIle40 TIle150 1.40189714407 0.893068396777 1.7505022868 -1.09192644295 1.18758421382
UIle40 TIle17 1.39808622921 0.804045122264 1.73843820054 -1.07805120675 1.22662858645
UIle40 TIle50 1.38297624012 0.718963614669 1.69446442969 -1.07888095223 1.13392404171
UIle40 TIle58 1.40464201331 0.767828386998 1.7122144349 -1.07301833507 1.19801782113
UIle40 TIle78 1.40888652974 0.695825944362 1.73609000019 -1.06579291508 1.30393826403
UIle40 UIle34 1.40163192332 0.61106907952 1.72147784838 -1.05086627059 1.33930443037
UIle40 UIle65 1.22250018963 0.399713223614 1.71552073768 -1.62729049177 1.5370546297
UIle40 UIle7 1.1078696562 0.932229103808 1.05886020285 -1.78872566681 1.20387291498
UIle48 TIle100 0.191575491211 -0.0683697039671 2.0 -1.72910922953 2.0
UIle48 TIle150 0.196373505351 -0.0619591740923 2.0 -1.75612960121 2.0
UIle48 TIle17 0.256662542321 -0.139497708118 2.0 -1.63294053504 2.0
UIle48 TIle29 0.288927658117 -0.0256513724233 2.0 -1.59849756771 2.0
UIle48 TIle50 0.270018159385 -0.149560660211 2.0 -1.62935914738 2.0
UIle48 TIle58 0.256763769301 -0.140943782096 2.0 -1.62948396789 2.0
UIle48 TIle78 0.280968557868 -0.167193677696 2.0 -1.59504820188 2.0
UIle48 UIle27 0.248959848387 -0.13166426704 2.0 -1.64291123032 2.0
UIle48 UIle34 0.26640232094 -0.150241098487 2.0 -1.61840810563 2.0
UIle48 UIle40 1.30362663336 0.593193512777 1.72544874281 -1.07418337887 1.19292556951
UIle48 UIle65 0.255206490928 -0.139844113089 2.0 -1.6295678943 2.0
UIle48 UIle7 -0.221547092431 -0.0449102023818 1.9853100353 -1.04614626393 2.0
UIle65 TIle150 0.509683429687 0.0262548912398 2.0 -1.67665953094 2.0
UIle65 TIle17 0.536924320239 -0.0861134964304 2.0 -1.57443673234 2.0
UIle65 TIle50 0.518640794573 -0.171037641196 2.0 -1.57355139006 2.0
UIle65 TIle58 0.537145728289 -0.0867581944607 2.0 -1.57451137171 2.0
UIle65 TIle78 0.576421773006 -0.0991128106725 2.0 -1.51740981803 2.0
UIle65 UIle7 0.812486358706 0.876140579462 1.1017732574 -1.37960383791 0.994517517443
