TIle100 TIle150 0.818130209349 0.379581753978 2.0 -1.6043420675 1.6980841315
TIle100 TIle17 1.1144180602 0.400571743445 2.0 -1.46483144426 1.57356861003
TIle100 TIle29 0.806369468306 0.30232254397 2.0 -1.61558803855 1.82783788096
TIle100 TIle50 1.07489392338 0.290674174334 2.0 -1.48865591657 1.64417213473
TIle100 TIle58 0.738156534775 0.11312545868 2.0 -1.6022472914 1.81535548363
TIle100 TIle78 0.655229324643 -0.168478517046 2.0 -1.61745136879 1.92155916805
TIle100 UIle27 1.20442495909 0.452830672704 2.0 -1.4490038081 1.56156247934
TIle100 UIle34 1.21537005323 0.461073715261 2.0 -1.45076455907 1.56765059578
TIle100 UIle40 1.81396841611 1.15051052181 1.90609607845 -0.979823534385 0.957613830778
TIle100 UIle65 1.53863242241 0.590303790596 1.82497968061 -1.60678266452 1.5112767926
TIle100 UIle7 -0.123954273817 0.435523848953 2.0 -1.25271353694 1.74907951481
TIle150 TIle17 2.0 0.808616361417 1.59835845188 -1.77717887544 1.37002884605
TIle150 TIle58 0.647497087782 0.128303021363 1.99908289341 -1.66565615087 1.89519270856
TIle150 UIle7 0.297698916945 0.800990264891 2.0 -1.16196835387 1.58232814383
TIle17 UIle7 -0.190569965774 0.215552718922 2.0 -1.27213163536 1.85502309531
TIle27 TIle100 0.414035279105 -0.1288472943 2.0 -1.70938959464 1.94594005461
TIle27 TIle150 0.601392720141 0.0721933298523 2.0 -1.67937102055 1.88695937751
TIle27 TIle17 1.18556884798 0.323925770607 2.0 -1.45490468716 1.61730517066
TIle27 TIle29 0.697858637599 0.089391135458 2.0 -1.64729460149 1.94988449973
TIle27 TIle50 0.590379463607 -0.204494408975 2.0 -1.65473674857 1.96578546518
TIle27 TIle58 1.22025642668 0.408922130239 2.0 -1.45217065517 1.62237331976
TIle27 TIle78 0.702007443398 -0.279158204241 2.0 -1.61140644164 1.97699341831
TIle27 TIle9 0.807117691309 -0.134486218491 1.92837857425 -1.67424160967 1.88745519022
TIle27 UIle17 1.04775714261 -0.360376122634 2.0 -1.68628541238 1.77684090636
TIle27 UIle27 1.665923048 0.405881857639 1.76366417421 -1.63479259274 1.54836923847
TIle27 UIle34 1.08790644049 0.0699642106847 2.0 -1.48594924925 1.74835683231
TIle27 UIle40 2.0 1.13700423439 1.8187273836 -1.04620219779 0.957140833115
TIle27 UIle48 0.173962847932 -0.652841341439 2.0 -1.69271865766 1.99759919036
TIle27 UIle65 1.25529575167 0.433749478344 1.99978368018 -1.46090350656 1.62598723694
TIle27 UIle7 1.68532598948 1.10299397804 1.2613462584 -1.70945348482 1.26238048587
TIle29 TIle150 1.39793421477 0.886312636846 2.0 -1.44964818741 1.54198191139
TIle29 TIle17 1.26822406292 0.502431619091 1.99999838315 -1.45780117125 1.66904258126
TIle29 TIle50 0.930865434655 0.145246582233 1.99999595483 -1.56683800557 1.88318026742
TIle29 TIle58 1.11778497967 0.431189835636 1.99988986885 -1.51010070332 1.77509334125
TIle29 TIle78 1.52158365698 0.470113666294 1.88650184797 -1.53519039341 1.67566912042
TIle29 UIle34 1.83413664491 0.724887637403 1.75861938228 -1.62095913568 1.53816470252
TIle29 UIle40 1.84996979568 1.18763335321 1.90993556783 -0.952424731469 1.05504965751
TIle29 UIle65 1.38346413263 0.723329315207 2.0 -1.45514221012 1.64305244327
TIle29 UIle7 0.687061573964 1.08586619811 1.9120266478 -1.11753037131 1.51087953559
TIle3 TIle100 1.00988135899 0.511974604744 2.0 -1.51396560198 1.54686795698
TIle3 TIle150 0.981039083918 0.587144658987 2.0 -1.55796853326 1.59174891655
TIle3 TIle17 0.773718274899 0.149123633335 2.0 -1.58848929784 1.75647269507
TIle3 TIle27 1.22726405212 0.562592673979 1.99999991249 -1.44827545691 1.5061967447
TIle3 TIle29 1.12979951017 0.594222129088 2.0 -1.50953520578 1.64702010723
TIle3 TIle50 1.23627744013 0.521728285642 1.99329154965 -1.4533865566 1.53283973499
TIle3 TIle58 1.25670364035 0.653334415905 2.0 -1.44242635845 1.50925692237
TIle3 TIle78 1.1220683288 0.196975358556 2.0 -1.47166494089 1.68087922706
TIle3 TIle9 1.20242491721 0.483376222753 2.0 -1.44663295031 1.53992380318
TIle3 UIle17 1.35272646429 0.0964372129428 2.0 -1.58418689113 1.518174653
TIle3 UIle27 1.21832387657 0.511341271743 2.0 -1.44806747796 1.53838577038
TIle3 UIle34 1.23902396048 0.54805203776 2.0 -1.44997199275 1.53571558938
TIle3 UIle40 2.0 1.31912454768 1.81582231156 -1.02173679453 0.859171299036
TIle3 UIle48 0.972251998225 0.163372658536 2.0 -1.4244042777 1.48348064199
TIle3 UIle65 1.99537462424 0.966754128651 1.67812271826 -1.67249334112 1.31031609881
TIle3 UIle7 1.39639460446 1.36038561903 1.56389755978 -1.36954664336 1.15046574852
TIle50 TIle150 1.27331722992 0.558305511996 2.0 -1.45653909526 1.56415570415
TIle50 TIle17 1.17969351621 0.273607529899 1.99998373572 -1.45535289525 1.65143075661
TIle50 TIle58 0.7298883441 -0.0752643395102 2.0 -1.60296502964 1.91898030192
TIle50 TIle78 1.09988869588 -0.102356457175 2.0 -1.47858025251 1.83028564652
TIle50 UIle7 -0.0338267127552 0.290091243174 2.0 -1.23438680408 1.82422181114
TIle58 TIle17 0.664020302528 -0.107854519515 2.0 -1.62028611498 1.92387702514
TIle58 UIle7 0.467039893204 0.623940554834 1.81330038344 -1.33126770216 1.66936546231
TIle78 TIle150 1.24524457177 0.379436766312 2.0 -1.46223925302 1.65088665458
TIle78 TIle17 1.07649609095 -0.0370131328386 2.0 -1.48498068803 1.79516054977
TIle78 TIle58 1.53736602598 0.329762215014 1.83999921438 -1.56784235396 1.63997003866
TIle78 UIle7 0.394220864836 0.46873516116 1.99034173103 -1.09654281546 1.66649204976
TIle9 TIle100 1.59719839748 0.594494138854 1.81263367433 -1.57602901543 1.44266734116
TIle9 TIle150 1.99955358128 0.777193034872 1.65578024905 -1.69447183968 1.37359785156
TIle9 TIle17 1.15969536757 0.232826705143 1.99931930926 -1.45401234903 1.65568176227
TIle9 TIle29 1.46918988469 0.58032964801 1.91421286553 -1.5091171042 1.61333767374
TIle9 TIle50 1.17052737793 0.176499186181 1.99476088791 -1.46128860534 1.6922557534
TIle9 TIle58 1.11689839777 0.183835841346 1.99999790583 -1.47163732461 1.72609484652
TIle9 TIle78 1.11761057011 -0.0457946746321 2.0 -1.46300719155 1.79385719238
TIle9 UIle27 1.38912851489 0.216441104333 1.89476600208 -1.53324294415 1.66081481714
TIle9 UIle34 1.12680355416 0.0241363347274 2.0 -1.46036802679 1.75848789703
TIle9 UIle40 1.59982516754 1.04337524903 2.0 -0.873680790357 1.04255497432
TIle9 UIle48 0.920380657873 -0.143535758302 2.0 -1.4332749196 1.62877687726
TIle9 UIle65 1.23070817415 0.347904001675 1.99999928585 -1.45967656129 1.66462257162
TIle9 UIle7 0.100912594965 0.37596734611 2.0 -1.16795522713 1.73354929595
UIle17 TIle100 1.831380122 0.237490901959 1.77292864344 -1.74073208901 1.39565329494
UIle17 TIle150 1.3997930116 0.0440107747495 1.94127636336 -1.68224589691 1.59833159141
UIle17 TIle17 0.846494684934 -0.572436807044 1.99797988266 -1.73908390894 1.88222902841
UIle17 TIle29 1.43124966033 0.157522972133 2.0 -1.5806380932 1.64358644549
UIle17 TIle50 0.935786785776 -0.543606660567 2.0 -1.7167796858 1.8745658902
UIle17 TIle58 1.12217370712 -0.359590086141 2.0 -1.65678852484 1.75244414796
UIle17 TIle78 1.29300967547 -0.363745769181 1.99796016703 -1.60170264434 1.75050252007
UIle17 TIle9 1.3228915293 -0.214010737039 1.98770938893 -1.60148629945 1.65981822849
UIle17 UIle27 1.16763901164 -0.398120588873 2.0 -1.64377920735 1.77724903838
UIle17 UIle34 1.30509345935 -0.287576884842 1.99618167609 -1.59990354834 1.70931212696
UIle17 UIle40 1.69110760705 -0.0810133750224 2.0 -1.54948601759 1.47194441614
UIle17 UIle48 1.08486397599 -0.801764959777 1.99999817502 -1.62801065484 1.60521693743
UIle17 UIle65 1.0275290006 -0.374589463022 2.0 -1.70917348013 1.83684843991
UIle17 UIle7 1.40447429827 0.643147279828 1.59203235115 -1.48581582383 1.2853151396
UIle27 TIle150 1.27228291614 0.538594072158 1.99999992642 -1.45762512156 1.57590833903
UIle27 TIle17 1.04068142653 0.0747473564019 2.0 -1.49852657628 1.76067905066
UIle27 TIle29 1.29691180251 0.469346822707 1.99999987766 -1.4555173688 1.70689766717
UIle27 TIle50 1.1804748139 0.167052511327 2.0 -1.46240222008 1.72096194829
UIle27 TIle58 1.66918725039 0.504756931766 1.79294888807 -1.59756885595 1.55456647318
UIle27 TIle78 1.05105243946 -0.248531058636 2.0 -1.4940549773 1.91519100699
UIle27 UIle34 1.89361123235 0.293499804981 1.65933517997 -1.70153598526 1.58867423715
UIle27 UIle40 1.97649323641 1.04671180071 1.82961252732 -1.03953848677 1.0072302633
UIle27 UIle65 1.76766045014 0.5493820022 1.76399570984 -1.62633636492 1.54436568478
UIle27 UIle7 0.58660740204 0.775719193883 1.92309818819 -1.13552406901 1.51607280972
UIle34 TIle150 1.29136523699 0.578140230937 1.99999962742 -1.4589894883 1.57005189508
UIle34 TIle17 1.0290969046 -0.0465242897977 1.99432698398 -1.50067021704 1.79366716532
UIle34 TIle50 1.1563272205 0.0907854757575 2.0 -1.46223969362 1.74569399934
UIle34 TIle58 1.20901307183 0.298685931063 2.0 -1.45483575883 1.69145244668
UIle34 TIle78 1.08156856547 -0.247181600317 2.0 -1.46838325807 1.88730525937
UIle34 UIle65 1.24858481204 0.332171584199 1.99999428338 -1.464282186 1.69365855518
UIle34 UIle7 0.397853205668 0.510327653094 1.98558763167 -1.09567890864 1.63414352013
UIle40 TIle150 2.0 1.29540702998 1.84227511152 -1.0307636162 0.912526547491
UIle40 TIle17 1.07687690203 -0.029369737469 1.99833387458 -1.66191013101 1.86480676847
UIle40 TIle50 1.99352670456 1.11451539839 1.81926971362 -1.02477328765 0.972917450092
UIle40 TIle58 1.41127453385 0.674391582957 1.99656207459 -1.18136098389 1.32366556103
UIle40 TIle78 1.93064520604 0.900592027667 1.83128046179 -1.01944033389 1.07322317151
UIle40 UIle34 1.94410705643 0.912173095962 1.81832489217 -1.02291827116 1.05059823524
UIle40 UIle65 1.83734216531 0.991980373298 1.9015015016 -0.994268101595 1.05832646804
UIle40 UIle7 2.0 2.0 1.70717171841 -0.736175878504 0.804849968446
UIle48 TIle100 1.94870360681 0.521744797042 1.54761107153 -1.7357283025 1.21438538513
UIle48 TIle150 0.268613228719 -0.422595976356 2.0 -1.68819532397 1.92853583576
UIle48 TIle17 0.934592088046 -0.0586175743375 2.0 -1.43112978404 1.58667243821
UIle48 TIle29 1.36075657566 0.348640587666 1.86278899184 -1.51997007996 1.51556831953
UIle48 TIle50 0.633575521212 -0.376069187425 2.0 -1.53695355119 1.7936786752
UIle48 TIle58 0.977057280256 -0.0226107550803 1.98778424979 -1.44078111435 1.58090972442
UIle48 TIle78 0.911311656646 -0.287974564834 2.0 -1.44037711154 1.71404852839
UIle48 UIle27 0.813871514579 -0.249464163505 1.99982282794 -1.47747537413 1.70503991666
UIle48 UIle34 1.51534885359 -0.00356694347982 1.72094194613 -1.62888024032 1.50794432529
UIle48 UIle40 1.17954614131 0.446973636484 1.99867959753 -1.04514960559 1.22051747831
UIle48 UIle65 1.00083576605 0.0528123113075 2.0 -1.4353596233 1.59508113962
UIle48 UIle7 1.99999994185 1.37131161906 0.781089881788 -1.7817725641 0.885027922983
UIle65 TIle150 1.35300952704 0.740061510831 1.99999999921 -1.45976667184 1.53759875451
UIle65 TIle17 1.25228070923 0.442315336367 2.0 -1.45793794122 1.62609760997
UIle65 TIle50 1.2497555548 0.382453244082 2.0 -1.4612684221 1.66235968464
UIle65 TIle58 1.37139286239 0.581409884127 1.96581338879 -1.4782841027 1.60722751511
UIle65 TIle78 1.11243511428 0.0624308628392 1.99999979275 -1.5003958927 1.82033664128
UIle65 UIle7 0.576772677376 0.818425043584 1.95017606163 -1.12371217244 1.5370652637
