TIle100 TIle150 2.0 -1.80963085442 1.24562219214 -1.31524094723 1.70908184175
TIle100 TIle17 2.0 -0.700520921981 1.36063737062 -1.50345690894 1.48911939809
TIle100 TIle29 1.45888973362 -1.3242442849 1.57279344028 -1.3682963786 1.84023771786
TIle100 TIle50 2.0 -0.673379398705 1.36657782933 -1.50362439468 1.50731567158
TIle100 TIle58 1.92317166563 -0.73925971691 1.40091424876 -1.48398379158 1.56771352398
TIle100 TIle78 1.89850777063 -2.0 1.32549074187 -1.31168091543 1.80693642197
TIle100 UIle27 2.0 -1.88558143964 1.28766792439 -1.30910369985 1.8228164366
TIle100 UIle34 2.0 -1.70592133038 1.25717212282 -1.32795398628 1.6831168314
TIle100 UIle40 1.50413950542 0.0856100901976 1.72120313175 -0.938868361962 1.26895425632
TIle100 UIle65 0.92737978868 -0.0864640250874 1.982183464 -1.53807509991 1.78354910755
TIle100 UIle7 -0.308474479332 -0.656316658581 1.87487275282 -1.15022003897 1.98386817345
TIle150 TIle17 1.9611123555 -2.0 1.28208719422 -1.31019859842 1.78301358897
TIle150 TIle58 1.95289344123 -2.0 1.30810972055 -1.30382169426 1.8480033536
TIle150 UIle7 1.27237502733 0.127304746108 1.35368888385 -1.39586085558 1.49603180821
TIle17 UIle7 -0.19438171137 -0.663587670022 1.85339910835 -1.16156796999 1.98936449765
TIle27 TIle100 2.0 -1.71113358473 1.2532198087 -1.33480637863 1.6727929775
TIle27 TIle150 2.0 -1.80582355426 1.27138381885 -1.3293878478 1.74309354306
TIle27 TIle17 2.0 -1.714749266 1.26063158253 -1.33782702638 1.68319012068
TIle27 TIle29 1.44953411048 -1.30141738988 1.58270680266 -1.36540943327 1.86643906272
TIle27 TIle50 1.98710093938 -1.81752888478 1.30799866533 -1.33248576112 1.77546786113
TIle27 TIle58 2.0 -1.71762187173 1.2908455726 -1.33373660879 1.74681848045
TIle27 TIle78 1.56632282451 -1.18872558136 1.53362276172 -1.39536056444 1.77873822087
TIle27 TIle9 1.7999861691 -0.900361847633 1.45153166165 -1.4591178247 1.62891702607
TIle27 UIle17 1.95372836936 -0.844713878415 1.41882398071 -1.54420827815 1.44244902753
TIle27 UIle27 2.0 -1.87609334432 1.31234563642 -1.32030887581 1.85303281704
TIle27 UIle34 2.0 -1.70548008048 1.28353525303 -1.34077047253 1.72000839622
TIle27 UIle40 1.96209300877 0.526573482798 1.53898656424 -1.01375603526 1.07712172211
TIle27 UIle48 1.33385261263 -2.0 1.42688969015 -1.2530216689 1.7758760437
TIle27 UIle65 0.858247603827 -0.240548529057 2.0 -1.54952157162 1.87794094359
TIle27 UIle7 1.20281997791 0.0607164672437 1.37802217095 -1.384307362 1.51675187275
TIle29 TIle150 2.0 -1.77328190563 1.28822841328 -1.30986782288 1.7957935479
TIle29 TIle17 1.27198435635 -1.49820370164 1.66634400307 -1.33310489546 1.96237488693
TIle29 TIle50 2.0 -1.70142499383 1.29682217245 -1.3160103189 1.78474222994
TIle29 TIle58 1.83727537084 -0.699849751965 1.47446307772 -1.47300586516 1.68871410458
TIle29 TIle78 1.51265001399 -1.19858812865 1.5626880059 -1.37936741561 1.84889172105
TIle29 UIle34 2.0 -1.67329633326 1.3025766996 -1.3237528349 1.77516986958
TIle29 UIle40 1.04908727554 -0.330788054697 1.97553394741 -0.865521867314 1.60035660741
TIle29 UIle65 1.28958257817 0.104974609579 1.90415189563 -1.58225876882 1.79643868413
TIle29 UIle7 1.56254998268 0.374231865607 1.26727607274 -1.43652192305 1.46230819791
TIle3 TIle100 1.99995701433 -1.74086086236 1.22815716219 -1.32513790691 1.63959708755
TIle3 TIle150 1.96310422114 -1.99621795453 1.26823342229 -1.3096689402 1.76288902367
TIle3 TIle17 1.90168084106 -2.0 1.29312110539 -1.31036285465 1.75558652237
TIle3 TIle27 1.99999999647 -1.71329589015 1.2476691971 -1.33455565127 1.66354540906
TIle3 TIle29 1.97561916043 -1.775461056 1.29295582831 -1.3109714434 1.775607946
TIle3 TIle50 1.95740226294 -1.85221949361 1.29007320816 -1.31779087149 1.75734910538
TIle3 TIle58 1.3349525355 -1.52001320972 1.61172529885 -1.33861348263 1.88695152229
TIle3 TIle78 2.0 -1.70369902332 1.26041836908 -1.32938683378 1.68723703809
TIle3 TIle9 2.0 -0.738162088046 1.34074369476 -1.49145712937 1.49329854469
TIle3 UIle17 1.9982226736 -2.0 1.31238992543 -1.39018415823 1.60813169472
TIle3 UIle27 2.0 -1.8719045469 1.28134980238 -1.30999356137 1.80562098746
TIle3 UIle34 2.0 -1.70510727054 1.25120078597 -1.32729703839 1.672608287
TIle3 UIle40 2.0 0.604493999737 1.48835733287 -1.02299475714 0.99266284589
TIle3 UIle48 2.0 -1.99999992212 1.00489415117 -1.38697033913 1.06448862179
TIle3 UIle65 0.630370747513 -0.371061686723 2.0 -1.60659286932 1.9319528796
TIle3 UIle7 2.0 0.46066799548 1.07543430855 -1.51100494154 1.18754240934
TIle50 TIle150 2.0 -1.83189987543 1.27331063057 -1.315420272 1.76974409108
TIle50 TIle17 2.0 -1.73483125287 1.26196302372 -1.32525110784 1.7057529836
TIle50 TIle58 2.0 -1.71954310992 1.28309150883 -1.31675948239 1.76076898356
TIle50 TIle78 1.9660541157 -1.8167674622 1.32814236557 -1.32061891691 1.81435743301
TIle50 UIle7 1.15138068504 0.0122409041409 1.39930679384 -1.37073387585 1.55643775689
TIle58 TIle17 2.0 -1.69871272991 1.26346673386 -1.32043011285 1.70943892311
TIle58 UIle7 0.243358033104 -0.340440716366 1.71179764927 -1.22698273644 1.89140095187
TIle78 TIle150 2.0 -1.79708417911 1.28528550054 -1.32393530523 1.76893215796
TIle78 TIle17 1.21504128038 -1.59352276116 1.69249755417 -1.32850365334 1.9638044438
TIle78 TIle58 2.0 -1.6879369101 1.2952239705 -1.32469527711 1.76163288068
TIle78 UIle7 1.64930598589 -0.0338149598114 1.25910321852 -1.42342207941 1.4794753808
TIle9 TIle100 2.0 -1.70620263563 1.24563112106 -1.32584432148 1.66468981948
TIle9 TIle150 2.0 -0.685908012084 1.35261058465 -1.49241805393 1.52223559986
TIle9 TIle17 2.0 -1.71019878793 1.25358339001 -1.32897173835 1.67591973293
TIle9 TIle29 1.31672378156 -1.4659081809 1.63444250049 -1.33431462293 1.93813002126
TIle9 TIle50 2.0 -1.72871160693 1.27315030376 -1.32586451467 1.72468522206
TIle9 TIle58 2.0 -1.69137023771 1.274829634 -1.32121474327 1.72846952911
TIle9 TIle78 2.0 -1.70056696775 1.28535374864 -1.33416094235 1.7275362341
TIle9 UIle27 1.99532565557 -1.99215692374 1.32057079136 -1.30794672868 1.89059492472
TIle9 UIle34 2.0 -1.70023930903 1.27677386099 -1.33220314694 1.71335440504
TIle9 UIle40 1.61037042329 0.109080675293 1.6744232614 -0.939411110821 1.26106354815
TIle9 UIle48 1.99897357985 -1.25234102648 1.11331051077 -1.37300520632 1.42403864878
TIle9 UIle65 0.943300383212 -0.307212569658 2.0 -1.51379273775 1.87530675917
TIle9 UIle7 -0.0716480681129 -0.737019601486 1.82766730529 -1.16852132416 1.99710886989
UIle17 TIle100 1.60115269234 -1.19412400899 1.58242109468 -1.47281656282 1.59750136575
UIle17 TIle150 0.952072264947 -2.0 1.83200974106 -1.3171187804 1.97266407694
UIle17 TIle17 1.03771700517 -1.93205146495 1.78726961376 -1.33405118855 1.90686141387
UIle17 TIle29 2.0 -0.704459866749 1.40675698385 -1.54532827816 1.45778731452
UIle17 TIle50 1.33279448042 -1.7250530977 1.65627798459 -1.41154154918 1.81849899771
UIle17 TIle58 1.5870321222 -1.15742809046 1.59662279687 -1.46698858751 1.64299542571
UIle17 TIle78 1.52475372857 -1.61173107743 1.58341761742 -1.47560343735 1.77776641974
UIle17 TIle9 1.9537679644 -2.0 1.3671466634 -1.37779427229 1.67702684547
UIle17 UIle27 2.0 -2.0 1.3817441095 -1.36721329509 1.78036501195
UIle17 UIle34 1.97126669717 -2.0 1.37398983676 -1.3857206873 1.69868608164
UIle17 UIle40 1.0441946774 -0.521212878478 1.99811409653 -0.896616485251 1.4688785914
UIle17 UIle48 2.0 -2.0 1.10143974057 -1.47210158153 1.29975364668
UIle17 UIle65 1.21967092146 -0.940091128132 2.0 -1.65909669024 1.84600102046
UIle17 UIle7 -0.193177773328 -1.29514431822 1.94691362715 -1.16891201132 1.99970507005
UIle27 TIle150 1.99715796393 -1.99386619613 1.31718458506 -1.30111848762 1.91398440006
UIle27 TIle17 1.99118259234 -1.99999915575 1.31122514776 -1.3073743122 1.87154112324
UIle27 TIle29 2.0 -1.86191746946 1.33395562697 -1.3018897963 1.92334310994
UIle27 TIle50 2.0 -1.91835450015 1.31804774935 -1.30759880919 1.89392877474
UIle27 TIle58 2.0 -1.8754746322 1.31961103017 -1.30213731102 1.89828777203
UIle27 TIle78 2.0 -1.93194606314 1.33821833521 -1.31177372019 1.92038707033
UIle27 UIle34 2.0 -1.87984884193 1.3224530112 -1.31589496439 1.87754525734
UIle27 UIle40 1.08344812962 -0.381873512044 1.93843789913 -0.85659083027 1.57623311354
UIle27 UIle65 0.998801656823 -0.27081770875 2.0 -1.51875889359 1.90755383067
UIle27 UIle7 0.864123034172 -0.204435686058 1.5261346434 -1.31583028112 1.72779488119
UIle34 TIle150 2.0 -1.80379463182 1.27883524099 -1.32434243173 1.75899983738
UIle34 TIle17 1.9166919017 -1.97251318131 1.31854592655 -1.31711737784 1.794779076
UIle34 TIle50 2.0 -1.72866067251 1.28584103277 -1.3285347919 1.74524133028
UIle34 TIle58 1.89517171597 -1.9999459899 1.34907656054 -1.30784453579 1.86242204503
UIle34 TIle78 2.0 -1.69733878845 1.29810856345 -1.33626168057 1.74727055355
UIle34 UIle65 1.38103767537 -1.11335007362 1.76007437755 -1.43918858854 1.89572125055
UIle34 UIle7 2.0 -1.42067598888 1.1829685833 -1.22520566935 1.64942795219
UIle40 TIle150 1.70068205871 0.285839343741 1.65528728316 -0.97320031353 1.20420040025
UIle40 TIle17 1.09039700145 -0.332153554608 1.90298640342 -0.865164840479 1.49342392444
UIle40 TIle50 1.09216459859 -0.32129377705 1.90587773547 -0.865182857251 1.50296767495
UIle40 TIle58 1.99999981167 0.583930154671 1.52114795405 -1.01459387448 1.08241915377
UIle40 TIle78 1.5403399915 -0.00261130606779 1.71455019127 -0.918134419703 1.34023683004
UIle40 UIle34 0.994834980988 -0.628056244492 1.92977879679 -0.808718523507 1.61796381829
UIle40 UIle65 1.77372698296 1.04901900008 1.717622693 -1.38048712008 1.16201830404
UIle40 UIle7 2.0 0.698275594148 1.42945106728 -0.969345285792 1.11447175905
UIle48 TIle100 2.0 -1.99999978108 1.01029850569 -1.39172933138 1.08083075704
UIle48 TIle150 1.83003762406 -1.49175578436 1.18149195651 -1.33956465914 1.53775389465
UIle48 TIle17 1.37193367832 -1.95237935414 1.40574481226 -1.25656603955 1.76267518086
UIle48 TIle29 1.33474674292 -1.96203915393 1.42409911171 -1.24581613336 1.80572913215
UIle48 TIle50 1.805063442 -1.45076206116 1.20416589244 -1.33484494871 1.54238749149
UIle48 TIle58 1.50529444079 -1.80435553615 1.34619102906 -1.28380312934 1.72075091916
UIle48 TIle78 1.99080418196 -1.35371422724 1.12966592895 -1.39613293563 1.48194310505
UIle48 UIle27 1.99616360356 -1.62072730719 1.10977144412 -1.42138520523 1.58501268442
UIle48 UIle34 1.36878225453 -1.93610763647 1.41202568972 -1.25725742595 1.77127460884
UIle48 UIle40 2.0 0.4322248549 1.26003586653 -1.25217988216 0.962706841877
UIle48 UIle65 1.90446983623 -0.772259463514 1.45922528248 -1.536124341 1.45194945502
UIle48 UIle7 0.0940682330614 0.0885378705501 1.3714035543 -1.1673733872 1.47125835703
UIle65 TIle150 1.1067156493 0.0639235713713 1.93980224568 -1.56922623416 1.75930965192
UIle65 TIle17 2.0 -0.347835740249 1.53015883326 -1.5960762906 1.51930859818
UIle65 TIle50 0.830863281767 -0.335528528559 2.0 -1.55118574314 1.9199471713
UIle65 TIle58 0.974261203346 -0.140170859862 1.99466440017 -1.52621992551 1.8774801007
UIle65 TIle78 2.0 -0.371553593675 1.50420064369 -1.57582652382 1.54484482926
UIle65 UIle7 -0.272580630717 0.0195293111022 2.0 -1.26486820688 1.94384174663
